1RXSJ044154.5-082639	70.475369808	-8.44311627808	59.0328733969	9.76761377675	13.8021256283	1.75674919251	0.00216891393215	70.4753331853	-8.44224062734	36.2166692018	7.51188031279	21.9198165866	3.56432330064	0.00193451449922	70.4706537328	-8.44328329491	17.6181436362	12.4269121061	24.862587765	13.2607693753	0.00301488020806
1RXSJ045205.0+493248	73.0179332794	49.5459765437	222.210016666	5.17651033951	25.021948541	0.525301068463	0.00176433585018	73.0176848705	49.5455892109	124.104559732	6.2427562076	30.2049478791	1.25399020429	0.00208324886544	73.0157711134	49.5443661196	64.3397600536	8.4030750204	37.8584053458	3.90042184399	0.00285664090669
2E1739.1-1210	265.480875805	-12.1988796388	241.451426041	4.91428518641	26.746555391	0.468322525386	0.00169758097299	265.48130861	-12.198777759	129.851898808	5.17497889357	36.9597746727	1.3022678774	0.00202844100849	265.481899941	-12.198359689	71.4588513707	6.38487757118	56.5157711354	4.54189360911	0.002897283794
2MASSJ07594181-3843560	119.923389884	-38.7351699923	22.1234773027	5.15845035167	23.4694977822	4.80151465155	0.00157283241178	119.926645387	-38.737128844	36.276253779	16.5595743954	11.6103696089	3.42214447188	0.00188695638299	119.924023918	-38.7311650854	21.6080532213	222.404078893	5.33624193638	12.4216266841	0.00293265742564
2MASSJ17485512-3254521	267.226013632	-32.9145926617	50.6882968488	8.21887130674	16.9057741688	2.06644222949	0.00204387640998	267.222228415	-32.9134709415	59.6748159757	9.7213782161	22.6635157505	3.32130428829	0.00228245113532	267.224570916	-32.9134333919	104.471171414	144.784104587	6.0926941547	3.32925971443	0.00315306192188
2MASXiJ1802473-145454	270.69793059	-14.9151736429	796.575305652	7.00959707681	19.7746101312	0.125623120226	0.00227044852952	270.697976947	-14.9155156949	325.123336028	6.31234370755	30.0238153173	0.436323776376	0.00233174528342	270.69812355	-14.9177642393	126.294464532	6.39651717951	55.7292751975	2.59302665425	0.00335341122062
2MASXJ00253292+6821442	6.38354669024	68.3631422339	112.130703802	7.6714896239	14.7691490872	0.735601125562	0.00163008713924	6.38235009491	68.362098552	48.2351101001	15.0812128826	10.3231733352	2.33898575006	0.00193156330713	6.38196215025	68.3627223367	962.220428036	3068.28691152	4.07399244184	3.42389170411	0.00279557989755
2MASXJ01064523+0638015	16.6895702515	6.63366311341	36.2410018955	6.07861048338	18.7331206225	2.46926498729	0.00151127342603	16.6885338423	6.63455978573	14.2983854173	8.00451878287	19.6562385896	8.46131754806	0.0018154258541	16.6864499753	6.63476627919	58.9347938125	63.4796124325	13.0076058387	6.42782917986	0.00283612467115
2MASXJ01073963-1139117	16.9153533379	-11.65361235	270.191285551	6.17506244099	19.8491087243	0.35216517803	0.00163721200834	16.9152809945	-11.6538045905	128.711030033	7.44705748113	23.2080119501	1.04217258035	0.00200710738499	16.9148603375	-11.6537009384	47.221491419	8.49387336213	36.1777018283	4.95021619402	0.00282950472811
2MASXJ03305218+0538253	52.7174259538	5.64006617938	39.7615874063	7.63030311955	14.698041299	1.93113914123	0.00139712689871	52.7172927653	5.64013893853	24.4568451939	6.10187656325	26.422495062	4.73031646868	0.00173467482037	52.6942496473	5.60600004583	42.9506703268	224.329034285	258.010841541	776.921230735	0.00296993471455
2MASXJ03342453-1513402	53.6026459942	-15.2280640927	324.568168858	6.63343803106	19.4059958821	0.310278727607	0.00183909078843	53.6031744982	-15.2285220659	144.029822094	8.39844930388	27.8132042491	1.29476825689	0.00298650385742	53.6041479358	-15.2280236088	101.171167752	12.1771891608	45.8477597676	4.47677580041	0.00590744855153
2MASXJ03502377-5018354	57.5987049565	-50.3093577336	168.945353293	5.54107137868	24.1673880223	0.659022014104	0.00189447117141	57.5972876843	-50.3060578661	89.3663326938	5.07446363213	39.2592076952	2.52925524177	0.002079720362	57.5984347856	-50.3061139848	55.5577558765	8.92714303458	40.4359970737	4.92094242742	0.00296446978279
2MASXJ03534246+3714077	58.4273697051	37.2352687601	391.291829326	5.91389150251	20.8862134477	0.248358807992	0.00165973716974	58.4271803706	37.2353689986	158.597804657	6.73553120843	25.9021090846	0.889045919704	0.0021213690032	58.4278982046	37.2350432229	88.7574932156	9.76073650894	33.9870414277	2.76266299726	0.00288334126151
2MASXj03540948+0249307	58.5412001804	2.82635456319	60.9651769076	21.1606616865	4.63579341066	1.17275235953	0.00147520624406	58.5448884828	2.82842142723	27.002226017	12.24502125	15.3179444977	5.38156812619	0.00187541884793	58.54996484	2.82686324835	26.0164531777	7.18285260886	50.1769227994	19.3583591592	0.00248116505391
2MASXJ04234080+0408017	65.9202833171	4.13388539595	195.330878687	6.54835388526	19.9450967553	0.529422556035	0.00198532380063	65.92029988	4.13363623967	98.4798217466	7.02419157098	24.5464100299	1.3775874816	0.00199535293459	65.9213834665	4.13434163295	36.3568449415	7.01133262125	44.879774597	6.78480966926	0.00265816278166
2MASXJ04440903+2813003	71.0372462051	28.2167953186	766.373697283	8.28430980545	23.2263016666	0.184152677395	0.00387039217264	71.0382414547	28.2158621506	363.104432804	6.90228937466	34.6953692198	0.533409806641	0.00359913691791	71.0431877074	28.2112262849	252.792353878	5.016905405	77.3786595695	2.9409217681	0.00325706737311
2MASXJ05020903+0331499	75.536639703	3.5319077639	55.9788529893	5.34148712238	23.2897216516	1.86960097927	0.0016281787788	75.5443470252	3.53798800486	27.3750388344	6.82756837997	69.2900408321	14.4335740744	0.00188409784867	75.5548071295	3.53580278297	36.335700143	11.3236925715	103.855509033	18.9366551221	0.00285606422713
2MASXJ05054575-2351139	76.4405233933	-23.8538770625	82.1363853879	5.5251362922	20.5057533996	1.09652909154	0.00146653204538	76.4407551016	-23.8562675109	32.4485985472	4.45161371793	41.3295033065	5.88127536295	0.00179430324516	76.4405321895	-23.8586852183	46.4271051721	9.17151981538	33.9808577903	4.99367720967	0.00272102717979
2MASXJ05580206-3820043	89.5079975849	-38.334231338	59.2375951403	4.66644359532	31.5887441851	2.38786976865	0.00177752789298	89.5077215003	-38.3354231677	54.9236901533	4.41004766724	51.2243694647	4.93083484965	0.00202144665471	89.5061582298	-38.3360712945	59.2605219741	6.24626300161	56.6565478487	5.39328944433	0.00270231092788
2MASXJ06411806+3249313	100.324562877	32.8249901105	22.4095020246	7.51430732407	14.4803623615	3.79692036559	0.00151442054448	100.323832949	32.8231422885	15.9421805995	13.8944161453	12.2266364008	7.79235257532	0.00185269400575	100.318544146	32.8248853508	-17.4621601834	6.46842302179	45.7528664634	16.9038929332	0.00261066700306
2MASXJ06561197-4919499	104.048865737	-49.3306045514	78.9548226212	5.53705376441	21.7133284583	1.20320983247	0.00152066744245	104.048686992	-49.3303916663	42.5392632323	7.25022469747	23.6528122281	3.14682585272	0.00197112845932	104.053415451	-49.3292823311	28.4800884046	8.00477024925	41.3990388222	8.9213664693	0.0028832308676
2MASXJ07262635-3554214	111.6086178	-35.9069224597	164.273605256	4.74911323758	26.8114236156	0.661218613429	0.00170289267269	111.608107562	-35.9080385341	92.8302619265	4.61863211469	43.4111489391	2.26832820346	0.00204587879253	111.604997727	-35.9147331117	58.416715146	5.19437256886	81.2497859064	15.2882763261	0.00314480269735
2MASXJ07595347+2323241	119.97229356	23.3903435007	1791.35028808	10.3988493444	20.3546943864	0.0932993582509	0.00500833404791	119.972344928	23.3903968698	815.509767956	6.95993482794	26.7187399879	0.180413151485	0.00224478056413	119.972435517	23.3901425819	316.028410217	8.27013174527	39.0296876204	0.783961473823	0.00297323374828
2MASXJ08032736+0841523	120.865288643	8.6974751163	31.2805048257	12.1798890269	9.62272550966	2.6140595481	0.00154861100405	120.863102191	8.69103056549	10.3164201456	8.01927222973	27.093617814	24.4085018287	0.00197152643625	120.866223778	8.6991469924	57.9522300499	381.953154537	4.19433674582	7.88850656112	0.0027115618066
2MASXJ09023729-4813339	135.659108213	-48.2229328358	139.776364224	4.80064855834	33.3674254302	1.65699962539	0.00217932529145	135.661132257	-48.2202305758	180.688548267	5.61640751179	50.2589565059	2.61640710189	0.00257945244765	135.666525419	-48.2142727401	151.182279869	27.4021786264	62.930005099	8.8863085397	0.0047565142229
2MASXJ09043699+5536025	136.153476456	55.6011197946	58.301149989	6.92904565131	16.1437144728	1.49090473978	0.00147182399182	136.152635973	55.6024514518	26.8254939579	8.02796621358	21.3690788403	4.70747865045	0.00185376687173	136.159190258	55.5989817219	12895.0494043	27967.8584145	3.68351882331	0.877020212327	0.0028158441033
2MASXJ09235371-3141305	140.973631163	-31.690926453	32.3145575364	6.11440682026	19.3998252407	2.89142723375	0.00160859109738	140.973536233	-31.6882187097	22.6306445987	4.93771110751	37.681882623	8.79259681384	0.00182771542934	140.972030383	-31.6994414189	27.7515829319	11.5089142062	23.7953539042	8.11549651168	0.00299745162238
2MASXJ09254750+6927532	141.445311845	69.4659958317	80.1525422651	6.22649004374	18.8244999236	1.18455590197	0.00166935888914	141.443705733	69.4663575512	44.637528862	8.86599343111	20.8936425966	3.13014138859	0.00221223590894	141.448734355	69.4658750217	33.1040778545	32.2727925295	14.5515547795	8.32910279758	0.00288855303932
2MASXJ09360622-6548336	144.015893918	-65.8089971208	43.1286173166	11.933515306	10.8473197725	2.28408792089	0.00156664553967	144.010558115	-65.810741369	34.0654961058	5.87988117255	30.1297385859	6.77730032114	0.00186063838403	144.012445385	-65.8110318015	25.7711098269	7.46612911035	34.2140289356	9.39563124922	0.00251979400955
2MASXJ09594263-3112581	149.927861654	-31.216157378	123.702737994	5.26840249331	22.8432886574	0.777599973014	0.00154597426272	149.929182311	-31.2163417281	55.9660978587	5.74377711221	29.4797904026	2.49183458961	0.0018413796289	149.927344764	-31.2161519574	28.3397824607	9.31350557228	36.972565572	8.84753959841	0.00299313839015
2MASXJ10402231-4625264	160.092969087	-46.4238193999	542.036184643	6.20120129476	18.5923762917	0.170095792248	0.00159873501623	160.092930551	-46.4236351753	210.991745365	6.79641527877	24.6116266867	0.630217267676	0.00192633143323	160.091865596	-46.4231757057	76.5388988395	9.4063599662	32.6027397177	2.87020598767	0.00253094929207
2MASXJ11454045-1827149	176.418925096	-18.4538510268	135.514943576	5.87703207382	20.8012297463	0.6999595111	0.00158907034232	176.418577829	-18.4542726555	60.4002787142	5.36985524489	30.6472149455	2.24099285338	0.00174816310249	176.41711738	-18.4529357197	49.0476914176	22.8796779562	17.0894744407	4.97074572478	0.00272532157608
2MASXJ12005792+0648226	180.24126802	6.8066515962	422.588548386	6.38372740605	18.7612621695	0.220829949126	0.00163061288613	180.241360408	6.8067614261	181.170882292	6.46928066528	26.2296801351	0.749905775656	0.00194820196712	180.241445006	6.80685484171	59.8851373168	9.2342397389	35.0786312288	3.97972835927	0.00278041437837
2MASXJ12313717-4758019	187.904264456	-47.9671836938	694.966392359	7.02269761285	19.4094401205	0.153416711375	0.00209010297142	187.904285882	-47.9672197162	293.969270847	6.40509619028	26.5006500177	0.466168969271	0.00197535067204	187.903959917	-47.9677994525	98.228643052	8.69021350413	37.1857949446	2.40756509468	0.00275829190335
2MASXJ12335145-2103448	188.464116081	-21.0627922195	105.542900354	6.2871400557	18.1617281318	0.858035888756	0.00155917847262	188.463400981	-21.063066463	42.2342371663	7.47112523235	21.7762196055	3.04929957051	0.00190749932029	188.4627171	-21.0640741254	38.3301746112	10.6151510882	31.8959117351	6.09016649676	0.00302952990652
2MASXJ12475784-5829599	191.984170905	-58.5014056927	106.824428196	5.46646168924	25.7314973846	1.43714265346	0.0017335376504	191.983409652	-58.5003750076	65.0417948341	5.86389492261	34.4898323223	2.97508118645	0.00232257407508	191.924759185	-58.4519645569	85.7104906288	395.89362426	385.650081034	1091.11532758	0.00255600903911
2MASXJ13411287-1438407	205.303562226	-14.6443424896	98.4945642906	4.71812654055	26.5977780879	1.08649937394	0.00151115103744	205.303185352	-14.6438899745	70.9924853703	6.01401568432	29.2653930332	2.01065559022	0.00192763583532	205.2998395	-14.6455764658	47.8848891222	8.62514171805	37.2854353294	5.0753786177	0.00278880363229
2MASXJ13512953-1813468	423.427566297	-110.429457568	-30661.2128093	nan	55307.2628855	nan	-0.000664451827243	207.87191324	-18.2311408818	-20.4113273275	5.30959499459	33.1242122554	7.55801312427	0.00196483053906	207.876634695	-18.2213345505	64.7980534623	9.50373383326	31.6592647492	5.25623659927	0.0027634457548
2MASXJ14080674-3023537	212.028399962	-30.3974329502	26.4991684489	6.76246810147	18.0098930401	3.41438348268	0.00151906341373	212.026973953	-30.3970288919	33.0152891042	14.0836652305	11.7612697384	3.41010936551	0.0017266252467	212.029117665	-30.3986388523	129.361846179	121.10044612	4.74593011579	2.04217781802	0.00271606242601
2MASXJ14530794+2554327	223.281605568	25.9096623717	14.097581984	4.64625384453	26.4384527809	7.70994102814	0.0015373441663	223.282610346	25.9109938099	21.70495099	5.40262754206	33.7781491073	7.20047284343	0.00183108754076	223.280231836	25.9139465212	25.2086196545	8.6421406633	33.0009106511	9.08417900232	0.00257835955096
2MASXJ15064412+0351444	226.683921296	3.86260747502	55.6438096198	6.8547193581	18.2197142037	1.74846379448	0.00178541969609	226.683018795	3.8635763181	26.319143492	6.96448821472	28.1189237272	5.87089477908	0.0022662984168	226.683310328	3.863354677	553.584657669	2062.98935382	7.15587158556	5.17229218519	0.00418516478982
2MASXJ15115979-2119015	227.999024294	-21.3169041663	611.895168866	7.25290811596	18.2321892551	0.169104085679	0.00205366586304	227.998875274	-21.3168828251	239.819621185	7.95171478098	25.5843966552	0.683508406282	0.00252875190827	227.997683852	-21.3162247611	87.7057347783	13.2882952541	34.442188565	3.81913021537	0.00418230393909
2MASXJ15462424+6929102	236.600086432	69.4863382775	34.6966671192	8.35455156686	13.7971486292	2.47494454302	0.00151187263408	236.597581881	69.4846180861	99.1231909513	48.6608662028	2.55347901751	0.872302775804	0.00198766017086	236.608244866	69.4848486482	1136.85980024	3073.6743971	1.96730086158	0.99433891369	0.00321100811701
2MASXJ16481523-3035037	252.063951344	-30.5843760189	44.8315042073	6.45117932338	18.863196558	1.92766248911	0.00176115307034	252.061589278	-30.585529027	20.1620618639	5.41566824202	31.0692087835	6.51370770683	0.00176682540504	252.054591322	-30.5778339505	16.0991678369	4.94181940407	122.75222453	123.03890276	0.00274543950746
2MASXJ18570768-7828212	284.284798197	-78.4730925027	164.11350072	6.04433648639	20.4034180959	0.584021513709	0.00164543718228	284.288307249	-78.4731412103	66.69975716	5.4065059745	32.6247557296	2.21558735032	0.00185002573376	284.290807223	-78.4722663763	37.1764964439	7.98345487207	43.8864390431	7.30475020744	0.00308222021518
2MASXJ19373299-0613046	294.388073867	-6.21810609022	1117.44073074	5.9525248547	24.3186639945	0.107119701952	0.00218746981312	294.388189011	-6.21809626687	524.217477485	5.80726771615	30.1149186098	0.274159480697	0.00193669820442	294.388248991	-6.21779084127	209.030699053	8.15025121247	39.684851159	1.17454690109	0.00286582717892
2MASXJ19380437-5109497	294.518208222	-51.164084071	115.807530688	4.85134621046	25.6889658822	0.892022206808	0.00152263254063	294.518254819	-51.163615398	69.2973446272	5.66048861113	28.4681674834	1.91777705037	0.00180030313858	294.517987365	-51.1638595048	38.9808408793	9.67719616799	32.8750412036	5.82952263361	0.00270700221382
2MASXJ20005575-1810274	300.232593736	-18.1744802239	246.366981515	6.44052617677	18.3065356345	0.369878097468	0.0015711259717	300.231876306	-18.1747058783	93.4603431143	5.41861676004	32.8186995075	1.60492723692	0.00201493588771	300.232221471	-18.1730233976	57.5305833277	8.30377899827	42.9732018825	4.6323874203	0.00318245547655
2MASXJ20101740+4800214	302.573299211	48.0058403934	164.807797576	5.35180498265	21.7984212958	0.520691056869	0.00156702485144	302.57411303	48.0056376664	87.9483786126	5.98110837096	29.2030918974	1.46289504952	0.00191826858324	302.574810475	48.0044465939	31.8051572588	7.64499880136	40.6444178944	7.20296939102	0.00300940087466
2MASXJ20183871+4041003	304.662445575	40.6821184655	1025.08060336	8.70072113627	29.3124994445	0.228742163402	0.0059082892299	304.663617012	40.6812029573	629.730736067	6.37018076676	43.8931360985	0.484735676343	0.00392690586429	304.66626534	40.6792758695	372.827670723	6.87631661456	60.0818795368	1.33281033249	0.00465403985194
2MASXJ21090996-0940147	317.290940959	-9.67110314109	102.878199868	4.93639698537	23.4219558513	0.851133358585	0.00148758765391	317.290295441	-9.67172945879	56.748926862	5.80108642649	30.0633781294	2.3062890959	0.00187388453551	317.289010728	-9.6736131183	31.3811828407	11.7303382572	27.2917854565	6.70470213487	0.0028313006669
2MASXJ21355399+4728217	323.974381055	47.4720122039	288.268097793	5.24985611	23.3846993965	0.322459662302	0.00168099220779	323.973180625	47.4711602505	146.320566482	5.01012690531	35.1544293106	1.0101749058	0.00187391654058	323.971201667	47.4693799986	81.5965838551	5.80149548133	64.2920153839	5.21483530184	0.00301324494744
2MASXJ23272195+1524375	351.841746662	15.4103544986	171.361019718	6.14389843397	18.045294584	0.501691344086	0.00142988056796	351.841596485	15.4103602121	142.150002833	6.7949394606	25.3337110839	0.961692959953	0.00198365955096	351.841626959	15.4107176368	149.597277854	9.01036722853	35.5106683494	1.57892514684	0.00282435190299
2MFGC02280	42.6774027902	54.7052486957	772.833733416	7.56707941358	18.7611878447	0.143721845734	0.00232536235702	42.6773003486	54.7052328969	327.142689014	8.01481234907	23.9452104626	0.463314953166	0.00251372454627	42.6772566697	54.7062696785	101.96203494	9.9136106734	34.5692285977	2.4457737494	0.00324485069798
3C111.0	64.5877239819	38.0266047308	573.093974977	9.31700965088	17.9866557435	0.229154972329	0.00330501594061	64.58775183	38.0266656867	737.190762138	10.8318691713	23.7664879504	0.270776688705	0.00436830105542	64.5877156085	38.0266546262	882.948820807	12.4975464535	33.6362500584	0.358385953061	0.00493019878613
3C120	68.296391398	5.35432672921	635.646782106	6.27939741681	19.9081001942	0.152717412741	0.00173672430719	68.2963420878	5.35434847461	466.934155032	7.07907920554	25.9325980505	0.312670451295	0.00217344712529	68.2962611031	5.35443686221	437.941906147	8.46264207694	36.784539297	0.538472098643	0.00280651987912
4U1344-60	206.901048336	-60.6175066952	547.859284205	12.4046041581	17.446756371	0.286243915136	0.00588250264199	206.903112469	-60.6170917715	220.423726891	12.1139443075	23.8893467013	0.970734521486	0.00585945489932	206.91918628	-60.6168166005	68.1929641971	11.4374602033	41.2856146627	8.2944053311	0.00676950808197
6dFJ0626586-370559	96.7436521906	-37.0994788249	236.705528332	6.67717491834	18.5409699815	0.401461377924	0.00169284956591	96.7435130035	-37.0993359382	108.323689633	6.77185874253	25.4580942075	1.27510017482	0.00202283660447	96.743037034	-37.0981239629	60.5633336799	10.5609056462	29.3145801876	3.90890231168	0.00290042890576
6dFJ2132022-334254	323.013914705	-33.7123426571	49.0146759744	5.38008653261	26.2806042941	4.19501204246	0.00180360450271	323.011506443	-33.7104933698	40.5787608901	5.78845465267	30.0662585134	4.43170341667	0.00191736956498	323.011604828	-33.709555758	29.4538053026	8.8902142958	35.4741259907	8.71639885232	0.00262820679457
Ark120	79.0466873978	-0.149844690661	428.834160747	5.48243354946	21.7547485753	0.225954369566	0.00164433240797	79.0464367252	-0.149714537836	201.290503748	6.12790178346	29.6379568929	0.734566831116	0.00206352777396	79.045880744	-0.14895571607	88.0054318398	7.94161636584	41.2922797178	2.92771121239	0.00295376594831
ARK241	155.417534864	-3.45400841033	91.2284276632	5.59739267573	21.9465451173	1.06628658075	0.00162860632079	155.417358854	-3.45312969456	48.4746279203	4.99414256517	36.3632975886	3.25008959974	0.00183728999438	155.415845372	-3.4510733547	35.9170241905	6.29293349581	51.9109227119	8.60937728131	0.00284975831919
ARK347	181.123695806	20.3160088527	253.915667193	5.91834856927	20.5603463963	0.377288859936	0.00165958474242	181.123424209	20.315974913	116.404006487	6.55707715293	25.4361397652	1.15040665486	0.00193211531197	181.123333415	20.3150215674	40.2049227681	7.63563819507	41.2029739085	6.15989396031	0.00283162245958
ARP102B	259.811201849	48.9801135301	50.0619607714	5.7013369986	19.7117246824	1.78156002287	0.00144780753467	259.810976941	48.9796149238	40.2629482886	6.38709398728	25.6856983906	3.2346019396	0.0017893190313	259.81057833	48.9792994873	53.86620231	11.1139166307	29.7300211894	4.50265768905	0.00296484688958
ARP151	171.40296894	54.3825637429	26.9187163356	6.23300147245	19.4908965823	3.61704461464	0.00175740472703	171.401372845	54.385811675	14.0515779677	5.39767986034	32.6086711856	11.6868190179	0.00185243729119	171.39701623	54.378312143	0.200111535914	9.06473379479	32.8335808046	1254.45262855	0.0029829624244
AXJ1737.4-2907	264.363195051	-29.1405664719	266.348804463	158.139222493	22.0310811371	5.08362385476	0.0125450534627	264.359518373	-29.1405067568	193.415419695	40.0999593576	36.3990080247	5.62462414072	0.00691540516555	264.343643721	-29.1424292256	554.02031219	464.997942026	75.4136788042	16.5072326084	0.00652806279238
CenA	201.364245395	-43.0192031801	16289.0277177	159.356441143	26.6754908602	0.22801855801	3.80225714242	201.364199152	-43.0192892131	10937.3418742	76.3436500386	35.3912602633	0.212790193636	0.866293819894	201.364184085	-43.019339033	8442.66478299	46.7746919603	47.51900998	0.202490674407	0.231556923487
CGCG102-048	206.064669752	19.5669162118	93.9066546212	5.27432186974	25.4995531558	1.2163462037	0.00179981853829	206.064671101	19.5671617266	67.1153970642	4.90321915657	38.2046230421	2.50919654847	0.00193800699219	206.066049807	19.5674142736	46.181335698	7.23329807191	41.7925073045	5.04739398782	0.00261362061571
CGCG122-055	145.519171455	23.6857741435	225.515981311	5.72207668131	19.6769587282	0.402343258613	0.00145707505128	145.518922319	23.6860772505	110.464850537	7.91075381636	23.5759785659	1.24676934074	0.00190968524113	145.51933995	23.6858613116	43.9758092809	9.72004252625	33.1294729552	5.38089278837	0.00281962767489
CGCG229-015	286.359045854	42.4611553648	148.809823023	6.13072784273	19.2266918808	0.639314889928	0.00172517114651	286.359097466	42.4611517803	80.2659436557	6.55481306015	25.9105193598	1.70978956276	0.0019535352207	286.360555567	42.4624387677	28.5960210977	9.54166049938	35.2640302505	8.28637836799	0.00280262973118
CGCG300-062	265.824024274	62.8390988141	138.83934222	5.41060401528	23.1204534541	0.739002081235	0.00172206271106	265.824409218	62.8380861411	80.7601432823	5.43787553381	31.3854021142	1.74921262935	0.00176115357284	265.825265661	62.8354497308	45.7887492329	5.51902007809	62.129049609	8.40691925082	0.00279126515887
CGCG312-012	142.407759492	62.5440956257	93.7735943441	6.34779722983	20.4160044858	1.07173904396	0.00173127378525	142.408490746	62.5444162274	43.7690596608	6.78636791199	24.4367773281	2.92648949076	0.00178325501435	142.41188186	62.5470229159	32.049426358	15.7606942325	16.1091968613	6.90559096916	0.0030052441067
CGCG319-007	229.890640766	65.59959985	334.556613748	6.87516425393	18.1229137798	0.287018369742	0.00174099447483	229.891247977	65.5995883951	137.487156601	7.43448489278	23.5134104903	0.982953456891	0.00197875740153	229.888991226	65.6016669866	39.5860793887	9.1730114381	37.0960102399	6.16529433597	0.00299946672486
CGCG341-006	281.360287898	72.1834240417	340.298800281	6.50522107624	18.0913525119	0.266151733619	0.0015600800268	281.360710793	72.1833143155	134.855971174	7.22726796079	23.2511534905	0.954755092465	0.00181381663119	281.36105995	72.1851928808	56.5925205431	8.27908487431	37.3349644448	3.93520936169	0.00255636699201
CGCG367-009	244.827178304	81.0466713641	78.1173297347	4.81296640025	27.8821299033	1.5073559741	0.00162380146048	244.828763405	81.0471662598	50.864118425	5.18896447558	35.1088137339	3.05534396178	0.0019780650396	244.822460382	81.0465211703	29.555032482	6.46698920441	51.7351240501	9.58527776524	0.00281023775452
CGCG420-015	73.3568827086	4.06188657835	227.493957464	5.71711821413	21.421063272	0.42976863417	0.0016484165849	73.3568698906	4.06243336274	118.026176603	5.83338463123	29.9434034258	1.21266246825	0.0019348912869	73.3568603965	4.06261219428	46.4570737443	7.76284483235	40.5137790314	5.28351452705	0.00283087519377
CGCG468-002NED01	77.0827622491	17.3650180707	619.430661722	16.3611004367	29.6248895758	0.76139018843	0.0190913238606	77.0870845533	17.3688672905	663.005681298	11.7687728211	31.8114130571	0.75549028249	0.00574738316218	77.0864673456	17.3679612078	256.205605968	8.50456893034	41.8130845669	1.2732389033	0.00319491751265
CGCG493-002	324.639137373	32.0848250139	192.252396504	6.29436248803	19.0081017709	0.481744482783	0.00157926210014	324.639001525	32.0848423346	92.8518747934	7.45298652857	23.7060995667	1.46079604626	0.00195586425114	324.638673105	32.0856784129	38.8259976161	11.3012528843	27.6098610233	6.03575226197	0.00281463242282
CGCG535-012	9.08761941883	45.6651217378	90.3758308599	4.79385883399	26.0495133751	1.15896080034	0.00156269933424	9.08916897055	45.6652819938	55.8960971398	4.94188075944	39.6593370369	3.27778374936	0.00198469081314	9.09079242957	45.6661641138	41.9990814597	5.85172600907	62.886520809	9.18454690515	0.0028867433613
ESO005-G004	91.4174674916	-86.6315305725	2454.8090287	47.6349262226	31.4273633954	0.577898780478	0.181518231919	91.4162699414	-86.6316383955	1390.59223981	25.5492033473	41.0326152305	0.709823111612	0.0553075546919	91.4137910244	-86.6319630462	722.057558076	13.866970616	56.4047055024	0.973205599691	0.0139659104207
ESO031-G008	46.8987000566	-72.8340284901	127.434158806	4.99477288203	25.3166824188	0.816526887004	0.00156985600566	46.9019160023	-72.8340083243	67.1715693009	5.47140395262	31.6956271599	2.18869236488	0.00195515004149	46.8992255436	-72.8339906307	43.4630466681	9.3040628185	31.6195548599	5.12023107968	0.00255610386078
ESO033-G002	73.9927906783	-75.5408553475	217.888074503	5.48967329042	20.8532035763	0.423256239494	0.00152156421503	73.9894665703	-75.5407621685	84.2173251528	5.69184141401	32.6424425946	1.88608009752	0.00205312150977	73.98917329	-75.5407620899	45.0996118094	6.35179656385	50.1803852283	5.86470044458	0.00251432980514
ESO103-035	279.585763453	-65.4279085569	158.661970446	6.15994861026	18.6730758729	0.5626304109	0.00148916819811	279.585566843	-65.4280828682	73.7966230477	7.74927964522	22.1357572256	1.7900531911	0.00192886551497	279.593252141	-65.4278199158	51.2562256369	11.9340418118	27.0581873259	4.33199765865	0.00279295308521
ESO121-IG028	95.9404664555	-60.9794558111	77.0243079083	4.28862793231	31.4256839144	1.68951983435	0.00154461495461	95.9402533929	-60.9797247298	68.0826443585	6.87949547653	25.5541543659	2.05966645913	0.00210754947161	95.9398814174	-60.9801475119	69.6192671456	15.277592199	22.6314988208	3.22607123823	0.0026709945258
ESO137-34	248.808229497	-58.0804400095	349.547019573	4.71123367428	48.1395849558	1.13752546308	0.00240743431463	248.805616882	-58.0818511988	247.152050277	14.5277308891	136.509405843	10.7798580473	0.00212115721092	248.808470821	-58.079746395	129.811504867	5.20024530987	92.7905729752	6.34513988577	0.00292001349536
ESO139-G012	264.412275313	-59.9405071308	327.851837989	3.54803413931	57.2292830542	1.73467450589	0.00204653434634	264.412778521	-59.9406657521	225.769126067	4.5584724632	52.8077343063	1.29756265715	0.00215651836735	264.413787084	-59.9403224121	132.290574174	6.28433951094	58.2235453719	2.5204994142	0.00293850351078
ESO141-G055	290.309954661	-58.6701934996	414.83190545	5.03158521175	22.7518985552	0.224134355677	0.00143323946391	290.30990815	-58.6702410431	212.368471481	5.68837503166	30.5782630202	0.674137034405	0.0018890876456	290.309447265	-58.6706394667	97.2688784947	7.54223074662	42.6132476735	2.57899872781	0.00294027027658
ESO157-G023	65.5992246496	-56.2252650436	200.106597424	4.47853503261	33.5437558561	0.775895090909	0.00168827091441	65.5982401023	-56.2253065373	123.896945631	4.90629970989	39.1145871833	1.43840494915	0.00191785631054	65.5949688474	-56.2256403542	75.8882206982	6.62680577599	48.7061223835	3.67927091178	0.00258329416882
ESO195-IG021NED03	15.1468376805	-47.867953768	414.665845685	6.2529981137	19.2662847044	0.225426439276	0.0016048583974	15.1467007201	-47.8678975602	193.850275912	6.57715644314	25.0672035011	0.663066453492	0.00176813050343	15.145726752	-47.867852014	71.6293361833	9.80804693981	33.3875643104	3.39469313295	0.00298082084607
ESO197-G027	32.7190665213	-49.6986681647	582.496277308	6.8828970561	21.7696517263	0.205051835787	0.00240842814546	32.7190310969	-49.6987136045	301.553437619	6.46155817831	27.2502638512	0.470929815106	0.00207447987479	32.7178819709	-49.6984241332	130.04935193	8.03918451636	36.9210778113	1.70192415638	0.00254532454462
ESO198-024	39.5820259263	-52.1922329444	56.6422449023	6.51551019828	17.9142831272	1.61878075933	0.00156189482137	39.5806027653	-52.1919121838	29.5751219478	6.65666942886	25.2226371079	4.67326325231	0.0020056077566	39.5788468813	-52.1942380778	117.837909239	80.0947792284	7.72134117122	2.90269879282	0.00276785849003
ESO209-G012	120.491505591	-49.7780400131	785.289922659	7.16444577339	22.4991098903	0.16268974258	0.00271439259249	120.491469378	-49.7781994485	377.191701733	6.32746389045	29.7773658058	0.409245863965	0.00230424768982	120.491560176	-49.7791026972	153.669567681	7.30486007678	42.4877124756	1.5382152896	0.00259821082816
ESO244-IG030	22.4635111392	-42.3264501189	661.650406846	7.50380162616	22.6365599299	0.205993434053	0.00310516630344	22.4637334327	-42.3261590841	306.000370152	5.82146086723	30.3834274799	0.478878053933	0.0020484233482	22.4632509078	-42.3255368865	146.610114633	9.77370017124	36.5238499148	1.72697022251	0.00305345464195
ESO263-G013	152.44986415	-42.8097407353	101.00551966	6.7786833826	84.1821535557	11.2756298725	0.00166418898189	152.450919472	-42.810084441	73.5775698067	3.87228078011	67.4371778927	6.47194506633	0.00190501600484	152.452539527	-42.8090532405	43.4223144306	6.63951596095	54.2971227441	7.73641087997	0.00328467179658
ESO297-018	24.6552008264	-40.0114989563	706.310312358	10.2170112747	24.5672062268	0.289129180975	0.00640263463388	24.6553900537	-40.0116010265	399.899574109	7.26451737621	31.0326754415	0.462917810079	0.00317282904256	24.6548201917	-40.0109696207	194.197511033	7.82672920984	42.9327136849	1.34017677313	0.00309863744947
ESO323-077	196.60853065	-40.4145709005	2715.4804627	8.75469723474	18.8665926483	0.0480915007951	0.00315837120557	196.608546197	-40.4145732105	1074.2350261	7.1510203114	25.6112581025	0.137695482627	0.00230211598636	196.608399391	-40.4148953757	372.756704666	8.33496779988	37.8835047207	0.636667680441	0.00280700880915
ESO362-18	79.8992079976	-32.6576228041	548.053735522	5.56919509695	23.1600657223	0.189009570468	0.00175302075244	79.8990144381	-32.6576299705	262.701751778	5.99404176525	28.5856150779	0.524335189382	0.00188920884184	79.8988492476	-32.6580868441	103.372090476	8.65348381464	38.1815129364	2.43984983478	0.00302339948907
ESO374-G044	153.33328566	-35.9825297539	115.292090101	4.21371639579	35.5139167678	1.39962515357	0.0016024976753	153.333325048	-35.9831389422	76.6286196503	4.52205687046	45.4923619685	2.77364401788	0.0019596565859	153.334029165	-35.9828341778	53.4256274754	6.81799462923	51.6798792324	5.45217245755	0.00297431275856
ESO383-18	203.358462186	-34.0148205034	251.920299314	5.90088383247	20.1825245825	0.372984538212	0.00163123165743	203.35886842	-34.0148109698	132.216649873	6.34701285854	26.2642902933	1.01175042216	0.00184788500694	203.359678724	-34.0138321873	55.399087049	8.16630055181	35.9305618421	4.08469282028	0.00266332556921
ESO399-20	301.74080717	-34.5488964856	505.151584174	5.64669839189	24.1681378206	0.224614813787	0.00196814479827	301.740518987	-34.5489439394	268.063736131	5.79158860391	29.897948347	0.53637432926	0.00203241307926	301.739765755	-34.5486837556	121.764607543	9.03751191815	36.6806882061	1.96922792766	0.00289234849638
ESO417-G006	44.0898978084	-32.1859628404	44.0594858286	5.85714205157	20.9739192047	2.17409659116	0.00161699514375	44.0895914162	-32.1863119439	30.4947909617	8.04100564715	21.205310141	4.32389743122	0.00194813998564	44.0899316211	-32.1854483497	102.359191762	58.3954590455	12.0134768549	3.40905028992	0.00291187227405
ESO426-G002	95.9428439807	-32.2163773844	81.0471602185	4.04129286364	43.6677648811	3.12678209392	0.00163781281718	95.9429325248	-32.215630211	65.0845591317	4.26201299984	49.3315296189	3.6706880474	0.00182960145331	95.9414541687	-32.2110784567	41.0015693204	4.21845667641	103.713990085	27.146969848	0.00287411603726
ESO439-G009	171.846793307	-29.257544224	515.75987556	7.40977318124	26.0814001547	0.318951073595	0.00372708133435	171.84676609	-29.2575913295	284.831017298	6.07263996713	31.4166385936	0.55498350733	0.00231293222914	171.84616428	-29.2580698542	125.872279265	7.83219333462	41.7996210645	1.94965476571	0.00281509305113
ESO464-G016	315.598895332	-28.1746323764	243.811598834	6.17643400572	19.4652194269	0.382392125985	0.00158785453293	315.599320528	-28.1751290325	99.7255622842	5.58684048745	29.8961533452	1.38615611066	0.00190895936547	315.602242217	-28.1777835249	37.5940734133	9.55649282002	38.2542237732	7.57172190218	0.00340517528448
ESO479-G031	41.1984949098	-24.5137567714	46.5148162569	6.5393785439	17.5557050215	1.92004869546	0.00151012728334	41.2009232027	-24.5143008873	83.6092462611	32.5712362068	5.33227171578	1.62245931617	0.00194780127519	41.1999820262	-24.5098050503	40.5115677215	21.7676488172	19.0722694162	6.51050843472	0.0028560569475
ESO490-IG026	100.047548957	-25.8953682122	548.409258914	5.81991313562	20.6446180303	0.175965675563	0.0016441375772	100.047361644	-25.8954548445	236.956006536	6.00462467623	28.5432094922	0.583449837893	0.00184655661427	100.0468472	-25.8955581335	92.5019914381	7.2341706319	43.4741566839	2.74272258446	0.0027742266492
ESO499-G041	151.480623544	-23.056623659	378.227983503	5.89818266801	20.877888141	0.255715005507	0.00165316122753	151.480661682	-23.0567782678	173.153593299	6.01081757281	27.9441799264	0.779253463751	0.0018554059006	151.480306066	-23.0564179762	71.2667532536	7.25057520528	46.7869068882	3.84896259917	0.00305656746951
ESO506-G027	189.727622377	-27.3075348249	493.60222238	7.71475643817	24.268693517	0.306659968071	0.00350621328445	189.727716765	-27.3076282702	270.272886899	6.08756742038	32.1581892784	0.604006065805	0.00245140195346	189.727095765	-27.3082388333	123.37019199	6.80084967106	49.2115775917	2.18345287997	0.0028541834286
ESO509-G038	202.806994297	-25.4025932784	343.821914163	5.96870335343	19.2468555154	0.265699186658	0.00158136581861	202.807052203	-25.4025152638	150.269262843	6.69832889835	25.7135923731	0.901362629818	0.00191993459242	202.807085725	-25.4030974031	60.3397208809	8.49941716698	38.0842838232	3.97392555085	0.00282526851461
ESO509-IG066NED01	203.665613659	-23.4461382614	483.864517159	6.40857246717	23.2478439458	0.245534571116	0.00222932431119	203.666135471	-23.4460044324	238.16221552	5.67405947353	29.970126645	0.590026554637	0.00191722819599	203.665989502	-23.4460418714	112.188869596	8.16306320132	38.1079034919	2.11670260795	0.00282553629251
ESO511-G030	214.842826776	-26.6443557316	309.351471634	3.9752406577	39.5597432379	0.628868781281	0.00153433870628	214.842968555	-26.6448320561	189.735429027	4.61718332268	52.5086275229	1.54014722233	0.00215063238962	214.843771462	-26.6452748329	117.029111459	5.86152121815	64.7660586649	3.2463997161	0.00274541874704
ESO533-G050	338.708536837	-25.6770087546	144.173008037	4.17514839348	35.826393671	1.15817577124	0.0016124079976	338.709450662	-25.6775618144	97.6165732695	4.27649690606	52.1125262088	2.85811075777	0.00194635248945	338.709375584	-25.6773258282	65.2857994535	5.93657344884	59.3635471211	5.13543784102	0.00279765886837
ESO548-G081	55.5158582708	-21.2444871848	577.189690221	5.86275027309	23.8013652087	0.195946299273	0.00203879518991	55.5159642195	-21.2445349018	274.006499345	7.42875647574	28.9371060702	0.650235666195	0.00273344047946	55.5162662148	-21.2449234668	118.778733762	17.4353787633	35.7461497747	3.95391580991	0.00708485036606
ESO549-G049	60.6073603827	-18.0476666957	1617.87217327	6.89137166603	20.2025612684	0.0675206285805	0.00217709190978	60.6072865465	-18.0476430863	696.650041187	6.64073245088	26.7057248963	0.205455251186	0.00210696368244	60.6071769188	-18.047448736	264.987554661	9.32982333936	35.8529272727	0.927821637662	0.00297593101736
ESO553-G022	77.9906259758	-18.4935641932	154.963819984	4.86675550184	27.1799857815	0.732553359345	0.00162621635402	77.9906345185	-18.4931017027	94.4523229855	5.11604535124	34.4658341523	1.5899017881	0.00183668964484	77.9914536418	-18.4931577962	48.0351712584	8.34093918253	39.2034104439	5.19601348054	0.00299613476585
ESO553-G043	81.6147361129	-21.2861063767	40.5137326661	5.3097458664	22.4830944513	2.38637088739	0.00147538894943	81.6148123325	-21.2854071451	19.6331206481	9.05125955169	17.3665985812	6.28654443608	0.00195484279052	81.6140558527	-21.2856380131	12.1593403078	15.481000885	21.6953108044	19.4537462875	0.00306073629506
ESO565-G019	143.681284927	-21.9277416976	1031.29132226	6.7994906852	18.9487271032	0.0984868682135	0.001915276372	143.681314465	-21.9277439539	407.353487668	7.20708939688	24.7950005269	0.355926839439	0.00220344335449	143.680815611	-21.9286059434	137.202522827	8.10181474523	40.3157597776	1.7621967498	0.00280214324861
ESO578-G009	209.152927854	-19.5288454196	390.379697415	6.64414470413	21.5654622806	0.288756667663	0.00223584570377	209.153186834	-19.5292074128	193.713573463	5.77958840534	29.162552997	0.705554871012	0.00188728746333	209.153177327	-19.5295999089	90.7938617205	7.78559868329	41.2369306695	2.68409260975	0.00288567110901
Fairall1146	129.627973128	-35.9928170911	382.174950267	5.33559396993	24.4024317941	0.281450862253	0.00173271761424	129.628406611	-35.9929942304	181.481265822	5.68379294235	31.2291206283	0.812757317607	0.00208151631809	129.629678574	-35.99313492	91.9627766827	8.14997041386	38.0370795273	2.53861130636	0.00278178645433
Fairall272	125.754365303	-4.93464590778	465.173482998	7.04835968235	19.0400037246	0.22553436797	0.00207117655556	125.754240515	-4.93471472739	214.56240738	6.86555389956	25.6250542426	0.653065516957	0.002059222328	125.753974647	-4.93535970286	71.3883274711	7.60403481037	44.4989385392	3.70889949189	0.00304046877393
Fairall49	279.243812922	-59.4025263467	871.956519106	6.41111175842	18.698845625	0.108347202385	0.00171268249626	279.243731085	-59.4025099314	339.379885497	6.51333770426	25.8832740735	0.398160807733	0.00190661138124	279.2435742	-59.4019906676	122.693942379	10.1390313461	32.1203751083	1.90292223749	0.00287172736681
Fairall51	281.226204309	-62.3645922753	491.891912325	5.89854823178	21.3178872286	0.206092842164	0.00184256769547	281.225982113	-62.3647944528	211.54206822	5.83001180853	30.4169749938	0.683306068436	0.00199942716213	281.223474922	-62.3631192067	97.0040129501	6.65321547913	52.2873113246	3.04477604414	0.00283905373664
Fairall9	20.9406938447	-58.8055796805	200.176760161	5.83830881258	20.3153502272	0.470413801819	0.00159990049197	20.9405397487	-58.8056074132	98.6940874238	6.6310911624	25.1494868157	1.36628715367	0.00193512171876	20.9436705428	-58.8069710849	38.936703485	11.6788083997	26.8231559931	6.12851727286	0.00293814991509
HB890241+622	41.2403892885	62.468858945	188.466907693	5.69699612279	20.1433239828	0.436029321289	0.00153828849729	41.2399957603	62.4692061815	192.075039316	6.22598701013	25.6251630297	0.61255491076	0.00180546667407	41.2398834717	62.4689812278	263.76747715	9.91968802053	34.5039020311	0.841777684796	0.0032187342639
IC0486	120.086835429	26.6138734719	404.534214797	5.32075995774	23.6122265066	0.253676617487	0.00165401171145	120.086803822	26.6139161394	195.503118049	5.49342329789	32.0717113296	0.745333250518	0.00190396354527	120.086715562	26.6133555777	86.9010321671	8.00311288423	44.6071517707	3.13610136011	0.00312379925394
IC1657	18.5299575325	-32.6519734513	1072.07381406	15.8458055539	27.6405388669	0.36603981922	0.0167638376741	18.529758919	-32.6520932597	579.270608996	8.13225224593	36.3096422631	0.449445579148	0.00495927420341	18.5296512522	-32.6520961102	295.290289796	7.67360714796	49.7944814742	1.07143176222	0.00364237359521
IC1816	37.9625652216	-36.6722984368	781.178731747	6.01362022085	22.2735035919	0.136678524326	0.0019148378431	37.9624949553	-36.6723566451	365.830717751	6.30148504455	27.5414641092	0.387059669754	0.0020484215748	37.9626968379	-36.6724603919	149.31675174	9.04239923362	36.2073604197	1.64109854145	0.00296866947075
IC2461	139.992006603	37.1908223513	1001.06624677	14.9561886534	25.623669271	0.316888885258	0.0136864036876	139.99205314	37.1906492568	539.816018335	8.43966140455	33.4210418079	0.438040791978	0.00478953745523	139.992069257	37.1911585593	297.164754851	8.29053471244	43.5456054497	0.904533543912	0.00327173603428
IC2637	168.457469158	9.58673412867	1369.6789137	7.96919984868	19.6196921864	0.0891679672124	0.00275781282523	168.457429266	9.58676410743	596.562529811	7.37503187387	25.6029356743	0.238328155159	0.00200493623935	168.45708716	9.58649115179	203.003469816	9.05931458898	36.5767059982	1.19740828882	0.00295334071171
IC2921	173.205521156	10.2969223864	97.2565573609	6.97451109399	17.4088756994	0.946735240865	0.00163432189815	173.205096419	10.2966875822	34.4863626978	8.56518493856	20.0880262281	3.79413051081	0.00199001483217	173.206030276	10.2938247328	61.1795618159	158.25074508	10.365851633	9.25266009335	0.00284182449099
IC4329A	207.329829068	-30.3093902943	309.352156738	6.38024588752	21.6067951531	0.358169699292	0.0021120102785	207.330000149	-30.3094271534	124.085400797	6.01325751789	30.5782130979	1.22739306144	0.0021879174755	207.329545385	-30.3103842102	51.1274443899	6.82317120018	49.5219455027	5.32412956589	0.00272627018965
IC4518A	224.421542029	-43.1316079001	1552.37852702	13.2647784699	21.7731237457	0.146440832929	0.00876395132055	224.42396265	-43.1314022483	614.713618017	9.99970776445	37.605593069	0.5622509148	0.00787303888273	224.430029127	-43.1314784061	341.70196366	7.64220038151	55.6772221836	1.41792209383	0.00427690794034
IC4709	276.081620016	-56.368881875	236.764777918	5.98850137697	30.9838825958	0.743581205056	0.00290179575078	276.081515206	-56.368534427	135.291439161	5.41681268626	37.3054669544	1.31687467506	0.00227214177083	276.081334002	-56.3674738852	85.7213006351	8.80950313799	39.5768096468	2.94458829523	0.00293020224114
IC5063	313.009420959	-57.0689366343	675.543374124	3.89106047649	23.825564765	0.110397299581	0.00257835652405	313.009460469	-57.0690348148	295.650687191	3.08242838957	35.7348694163	0.320226911698	0.00216201599167	313.008917572	-57.0689412992	140.018491105	3.92960238392	51.9650677644	1.187423361	0.00293135081829
IGRJ11366-6002	174.173864538	-60.051722852	529.130513876	7.37565584948	22.0356136664	0.223676183002	0.0028014916309	174.172428311	-60.0515317721	243.315640568	6.47421023794	29.0031733778	0.573555014382	0.00234517099102	174.169206864	-60.0511473227	94.1493866465	9.221884628	34.3485672889	2.27293355251	0.00288110067637
IGRJ23308+7120	352.657651954	71.3797606782	260.951489047	5.3815589865	23.4866997891	0.390694598077	0.00168335362906	352.658523663	71.379791216	138.844685521	6.47351207935	26.9170890315	1.00956718093	0.00204716886009	352.66212396	71.3779063644	55.8402571314	8.58518006258	36.9963736221	4.2250985261	0.00278549517604
IISZ010	198.273861334	-11.1285336899	55.685266023	6.01978528565	18.9492706093	1.61216196377	0.00148851637794	198.273393181	-11.1277396145	33.8084725033	9.76175860383	17.7808287985	3.67043553987	0.00186573826269	198.276567662	-11.1277225596	15.1203308891	16.2511630691	17.9277731198	15.7573290092	0.00320618177092
IIZw083	306.732690094	-2.27772230907	419.102596802	5.73661135494	20.9668289355	0.228906557365	0.00162863691503	306.732544575	-2.27772984424	177.842050696	6.09069203691	28.9986025369	0.81467724197	0.00208559322356	306.733286308	-2.27822253294	65.7184619074	7.35074112267	45.468042065	3.96808326268	0.0029761865265
IRAS03219+4031	51.3038532648	40.6987404747	327.14689082	6.17448249231	20.7824529813	0.314335401828	0.00181254401027	51.3044642835	40.6987384753	139.10711197	5.93875740099	28.914549464	1.00612660136	0.00193143261493	51.3089654314	40.6983407618	49.4657669785	7.17019175382	44.5777068998	5.46219785515	0.0028667760896
IRAS04124-0803	63.7197010751	-7.92802298959	164.505096414	6.70986360667	17.7696836564	0.562148397725	0.0016208719027	63.7202455406	-7.92811406952	66.7743317784	6.84219434293	25.9343169684	2.0702200258	0.00197755362527	63.7235756128	-7.92707111531	25.9926861491	12.0600062409	24.6962887477	8.28231190647	0.00297031538311
IRAS05078+1626	77.6886506441	16.4995810637	267.60886264	6.14460702013	20.800652319	0.377990198946	0.00174929697162	77.6882435867	16.4981996532	100.779928266	5.56613809024	32.8885887967	1.55279300148	0.00200327937145	77.6867894813	16.495341486	73.2486152987	7.75941406797	48.0081731724	4.41642342895	0.00316464963725
IRAS05218-1212	81.0286883268	-12.1687992264	93.7687489851	6.17849177555	18.4015862398	1.06084988597	0.00162452863532	81.0275566619	-12.1692113797	36.1461682841	8.01178082958	20.0416198802	3.56909542275	0.00193395897081	81.0259082527	-12.1659298233	1925.09816103	16487.8393299	5.27839900523	4.93616242658	0.00311599375906
IRAS05589+2828	90.54296304	28.4725635466	265.166010806	5.94812543672	19.8120206754	0.358990059404	0.00163187428384	90.5429420814	28.4729485903	130.487400575	7.05715308976	24.6793491444	1.02807142811	0.00187605217109	90.542458556	28.4728026626	41.2762790958	11.4336885124	29.5262022643	5.83188978141	0.0030505637609
KAZ320	344.887776543	24.9182959553	110.268583429	6.70137195826	17.2114312244	0.821718537408	0.00159993926949	344.887822017	24.9194737401	47.6899881196	6.21919309674	27.4270548549	2.93537938157	0.00193144201194	344.883752585	24.920297554	29.8414712255	8.34329309814	42.5954153866	9.23947545899	0.00288102282441
KUG1141+371	176.122470039	36.8861959086	56.0701123777	4.81554396182	26.1107495834	2.01368409541	0.00151328954818	176.121773397	36.8861955485	47.5954915212	7.12125124018	20.948815195	2.57475767777	0.001728385174	176.118380452	36.8856297482	24.1513725169	8.16579899633	36.9624779271	10.0038538386	0.00258702681861
KUG1208+386	182.68609856	38.3368118716	70.1140032553	5.76626491503	19.4522833682	1.30584763707	0.00153494589543	182.685685507	38.3376412649	32.6704609653	6.04331010497	26.8551441825	4.15779918979	0.0018896751061	182.685993673	38.3371178172	29.3368059339	33.2282445098	10.0422688408	8.98264221709	0.00271756107031
LCRSB034324.7-394349	56.3025941209	-39.5750106687	144.266368643	7.22190457449	17.2606623106	0.660074918954	0.00173367983582	56.3031317615	-39.5754378671	73.6627386074	7.29739519886	23.5271636232	1.7915267887	0.00189704699265	56.3018697231	-39.5748263374	49.6135515753	8.21906960053	39.9528075145	4.92271921221	0.00286706936256
LCRSB232242.2-384320	351.352070485	-38.4473721154	497.740328374	5.63115033146	20.3419339382	0.182619450929	0.00146430820586	351.352105959	-38.447511653	220.978349729	6.73320084541	25.5551010199	0.603783983386	0.0018566743963	351.352577696	-38.4476988827	82.4761586352	9.66348807071	33.853065155	2.99194674937	0.00302897357394
LEDA138501	32.3919266446	52.4436564684	20.515509615	4.60681961656	28.2213445319	5.86097885256	0.00161162504572	32.3922940457	52.4431518796	23.687776275	8.81144154204	17.6675047546	4.87394260379	0.00178561647041	32.3911857047	52.4427048562	47.33031555	25.8719703135	12.4890597484	4.65869212606	0.00276771235088
LEDA170194	189.776265556	-16.1797191725	243.542539159	5.79413489473	22.8973906742	0.433371349639	0.00183496116659	189.776867529	-16.180001864	118.612475726	5.83382162899	29.8264836237	1.2098877083	0.00202164664996	189.776142431	-16.180726395	60.0473690076	8.18064182654	39.4597201316	4.03662332471	0.00278168232476
LEDA214543	252.678076758	4.60512778902	181.797227407	5.88245783744	20.9971149787	0.540964436346	0.00169934573164	252.678772856	4.6052838519	99.4151805336	6.69952498826	25.607608788	1.36943576618	0.00194784162639	252.683876955	4.60349604392	32.8996311674	6.61233408621	49.3015034965	10.9128498273	0.00302256677325
LEDA38038	180.697435565	-53.8357775174	426.942061947	6.24598472213	19.9588024394	0.223067446282	0.00163020705101	180.697664324	-53.8357882454	166.858829557	6.44962434469	26.5310887499	0.815202225391	0.00189416774366	180.699300558	-53.8357118965	46.988661917	10.2998356987	32.3361071983	5.07688745801	0.00291320644088
M106	184.740640081	47.3040046994	1446.77840367	16.2170419698	37.5640303457	0.497777249933	0.0253241613111	184.740620797	47.3044386795	872.260894452	11.6500486836	48.7500855993	0.730006159212	0.013777508275	184.739424823	47.3059442631	534.648248733	10.2435663751	66.0101055811	1.31845736078	0.00858033682589
MCG-01-05-047	28.204704539	-3.44689730478	1413.84335728	21.8571095413	25.2741791691	0.328469226196	0.0302049850456	28.2048021439	-3.44727709817	736.790292813	11.3930423449	34.7454636421	0.458501233956	0.00925078813186	28.2046971669	-3.4474601015	366.703423861	8.37991293529	49.8420279633	0.922680022327	0.0044329617937
MCG-01-09-045	52.846296784	-5.14185976303	117.239350299	4.51897711945	27.7724991812	0.930310302415	0.00148966241784	52.8462585314	-5.1422874026	65.9926659365	5.30565650308	34.7100678274	2.37588237517	0.00195419935167	52.8446628652	-5.13952602027	12.7705973913	5.74175304281	84.7408275037	57.1672104312	0.00325345554758
MCG-01-13-025	72.9223499702	-3.80901547219	73.3267935924	5.39465801622	22.9204509779	1.37223509795	0.00163257554864	72.9231024116	-3.80974375744	38.215277782	6.16663330371	26.3871051479	3.54237610021	0.00191315451023	72.9228839921	-3.81015436016	48.7694894201	35.1425906998	6.80907781099	4.82156706637	0.00270406492834
MCG-01-24-012	140.192859033	-8.05650089319	306.258518419	5.47644921911	26.2486972984	0.395198254957	0.00195273998565	140.192738895	-8.05654740689	183.556649601	5.22997885405	36.0319390342	0.889561211208	0.00205441678328	140.192815199	-8.05565608882	90.2713918241	6.90825707803	52.0139416963	3.29004794259	0.00304870596258
MCG-01-30-041	178.158984255	-5.20702010848	608.358485233	6.47813611422	20.7323058594	0.174026158797	0.00198609588287	178.159014577	-5.20694945755	269.66432805	6.40753083739	28.1688947541	0.546033439587	0.00218081875877	178.158656736	-5.20784902307	108.638331068	8.1381292006	40.9955228768	2.27268833138	0.00290517070548
MCG-01-33-063	195.079624064	-8.08761931372	501.121119388	7.93530567443	24.5821473512	0.322190560601	0.00392617915977	195.079503578	-8.08734733385	278.641444641	6.33955379121	30.2540233029	0.57009866069	0.00245184841503	195.079363422	-8.08781523056	120.157642095	7.54361597215	42.6422333187	2.03676809581	0.00276190657455
MCG-01-40-001	233.335934801	-8.70043449588	657.818407946	7.64160835242	22.3581410194	0.209505169683	0.00323374571572	233.335906456	-8.70080311216	277.524283173	6.49481568632	34.4137163006	0.690496760662	0.00289697890954	233.332946287	-8.70127270745	138.08423894	10.0111037138	50.9684930774	3.30522033917	0.00488303848428
MCG-02-02-095	10.7876503408	-11.6014186707	67.2823462382	5.52327963532	22.1873767162	1.44732365039	0.00154481000631	10.7882066248	-11.6014291099	27.4497915738	6.03511302648	28.6247026701	5.01546343196	0.00181815845592	10.7849666489	-11.6017825035	151.366565292	352.491785685	2.10908225356	1.3166445296	0.00291494058924
MCG-02-08-014	43.0982209786	-8.51048528832	261.153269123	6.52506425019	21.4679535037	0.430795368046	0.00213639644635	43.0984339038	-8.51063404217	146.069715367	7.68393096089	29.9167375291	1.30564182631	0.00300232619042	43.0994979417	-8.51116541588	72.3481369527	20.7659291335	30.5834527309	7.37972510803	0.00812013834005
MCG-02-08-038	45.0186849733	-10.8242761052	120.578173977	5.79158666516	28.761070482	1.25760782622	0.00241861688565	45.0181438463	-10.8244331778	76.5228373183	7.33408971936	30.8280960423	2.50739304795	0.00282537064416	45.0174488804	-10.8245963619	52.0916425416	13.2874261552	38.9184601587	8.18878519841	0.00553816622764
MCG-02-12-050	69.5590665627	-10.7962329705	415.322072475	5.50645492472	28.0851363813	0.325021756319	0.00219947744568	69.5591363786	-10.7960150883	250.874610613	5.63172676096	32.6616567689	0.610018928869	0.00211329201521	69.5591074231	-10.7956984808	126.417357339	7.696543549	44.0058882934	2.04043838116	0.00292365426322
MCG-02-14-009	79.0886085379	-10.5615598238	194.895628267	4.56316972256	32.2881047783	0.743645716701	0.00174070806537	79.0888141398	-10.5616628302	119.261845802	4.50037263224	44.0082323485	1.65188141511	0.00192261763536	79.0891166751	-10.563543411	63.9887739997	5.96247334793	70.1733550057	7.37231401739	0.0030421188065
MCG-03-04-072	22.0291891769	-18.8083697561	132.365438755	4.84346490699	23.8175978521	0.734252544369	0.00143542280501	22.0290328555	-18.8076876859	87.2472753678	5.95347980485	28.7043515852	1.58662202273	0.00183293198475	22.0291801985	-18.8067723075	47.5199755661	8.49248615125	37.031707402	4.95914286994	0.00270698745187
MCG-03-34-064	200.601676446	-16.728412022	985.94029653	6.37509138089	19.6169653215	0.100765469652	0.00182161219005	200.601680253	-16.7285763332	383.631208386	8.96753864816	24.7391880443	0.462363625183	0.00341276382471	200.601741023	-16.7292749062	123.719350738	8.64413457234	38.9789116246	2.00517797494	0.00305145231027
MCG-05-23-016	146.917025276	-30.9489992455	127.662884891	6.03624262685	19.3843734816	0.717734948536	0.00151599787024	146.916540207	-30.9491098058	49.6705514788	6.25245840899	26.7137454353	2.70065036425	0.00189169972799	146.916526762	-30.948171815	19953.9159797	101115.285461	4.47312965157	1.86034332123	0.00280714458002
MCG-06-30-015	203.973656315	-34.2955524085	233.49178282	6.2304832642	18.6683349279	0.390338098919	0.00160877153741	203.974124398	-34.2950575277	85.7896910206	5.87980436967	29.2881903788	1.62936570503	0.00190211706578	203.976366147	-34.2914638319	44.5928669621	6.92107264941	44.5070328405	6.62505292924	0.00299890104593
MCG-07-03-007	16.3622464668	-42.2160974339	206.467622309	6.59377880636	18.7714219353	0.466165299791	0.00174962422083	16.3615689653	-42.2162423579	93.9857309748	6.92305116257	24.9964521061	1.44799892277	0.00198225285418	16.3573131782	-42.2160810202	61.3265632089	10.8164037166	34.6533701874	4.47151566187	0.00353069376487
MCG+00-09-042	49.2593961534	1.25489629014	1600.96714298	8.0467263486	17.723749594	0.0695190426903	0.00235249346808	49.2593573639	1.2548973404	618.166132352	7.55253079472	23.6027291256	0.22886819805	0.00217325093924	49.2593800897	1.25506040832	188.197160268	10.1576359409	31.2760931783	1.23725455283	0.00285357284997
MCG+01-57-016	340.071168347	8.05386849711	311.372892805	5.82528646502	22.73775823	0.341180773651	0.00179474368615	340.071576132	8.05379106706	132.445261915	5.335533391	32.6389381962	1.1083899212	0.00196196229707	340.071912012	8.0526465659	57.2824421835	7.23592639617	46.074840239	4.5447856443	0.00274813937853
MCG+02-21-013	121.193611975	10.7766891776	679.819720171	6.70515821715	20.9170483743	0.163708071982	0.00218939287049	121.193711404	10.7766530033	330.784162981	6.27892990489	27.2573068375	0.419901695785	0.00199436080075	121.193571373	10.7763384006	136.86775668	8.71723661874	38.5080014346	1.83311347415	0.00304270339726
MCG+02-57-002	335.937068194	11.8359957659	264.710127164	6.84486049239	20.7045020922	0.425267365833	0.00219483111383	335.936669001	11.8362835531	165.557930241	7.4138981486	24.1630835057	0.829617598689	0.00199643463486	335.935865679	11.8360277527	70.8658654707	8.50922686465	37.6461667912	3.35799196931	0.00267449697947
MCG+04-22-042	140.928850206	22.9090349232	172.77169481	5.07171813143	27.2939832162	0.68419935209	0.00172882183007	140.928510836	22.9083006532	105.04421671	5.19860876777	35.9971940077	1.56168093323	0.00202783400764	140.927703204	22.9078715333	71.7940492709	7.94445203784	40.8018045104	3.58642941962	0.0030209516944
MCG+04-48-002	307.14719172	25.73385181	3740.68989494	18.2372321977	19.7399984877	0.0696768990706	0.0152820001134	307.147216511	25.7337999241	1493.46671776	8.3976754388	25.6570533594	0.103006243658	0.00299391462456	307.147081497	25.7338636379	508.873308986	9.50181921776	37.1945256529	0.46734723682	0.00359414552255
MCG+05-03-013	12.8961351895	29.4013632015	424.911482618	5.14934526352	27.5971124016	0.289275801743	0.00193291900256	12.8964400445	29.4011204617	220.759758299	5.14317807411	38.8521275211	0.819152609313	0.00210762466948	12.8964403025	29.4012161714	119.290527233	7.63218887968	43.2180072643	2.14666038452	0.00291287136126
MCG+05-28-032	177.191596155	29.640999708	500.002948564	6.50013939694	19.3539541335	0.197371162927	0.001790447164	177.191689711	29.6408902221	213.52214696	5.94671175796	27.6709368474	0.619633627671	0.00179118541843	177.192204098	29.6411174857	86.4052546745	7.73282942716	40.8816736263	2.77534287108	0.0027776126307
MCG+06-16-028	108.51608251	35.278968714	762.886259674	6.3899390088	18.934852723	0.125791636856	0.00169754325233	108.516201446	35.2789354296	284.22985931	5.97289872609	26.9401253567	0.460133955368	0.0017857518017	108.515945422	35.278334098	115.564383386	8.68521058123	37.6934164115	2.06187429664	0.00282123497857
MCG+06-24-008	161.203172725	38.1816643466	649.559260894	6.45965472223	19.6066507836	0.155714448101	0.00188552533866	161.203240658	38.1816650337	282.648531509	6.97057326204	25.6982283391	0.498584372483	0.00207226210949	161.202429847	38.1828567127	88.3320768469	9.82686974436	32.4898525929	2.69431885445	0.00291554079988
MCG+06-49-019	336.773343277	36.360926521	142.217208719	4.3543859865	35.9362389945	1.25227004311	0.00175291084904	336.773799653	36.3610288745	95.9090661506	4.92777376707	40.1998692421	1.9215456633	0.00209459780483	336.773657621	36.3599804341	47.3190666421	6.68951066357	52.4273558978	6.15240449478	0.00275412014104
MCG+08-11-011	88.7224578239	46.4396463777	348.862253801	5.48615392888	32.9126046844	0.52172932295	0.00254781552879	88.7219833492	46.4397335865	172.595777056	4.63554189624	59.6528312729	2.35216430894	0.00245875167265	88.7224063193	46.4393001542	112.770152836	6.12248904776	78.9809529706	5.5079598844	0.00338404422679
MCG+11-11-032	133.800440762	64.396801101	179.766430315	5.96382545211	22.4592884599	0.584370639126	0.00165997337509	133.800545043	64.3967884437	89.9016066241	6.16582978678	27.9360699872	1.55378807262	0.00192968727775	133.79912367	64.3965938771	34.1720736135	6.75437076385	46.0241646393	7.20984734203	0.00257009736217
MCG+12-10-067	161.036243567	70.4054446076	742.632103965	8.09868948847	22.8303589842	0.2004161132	0.00370794557991	161.035674608	70.4052617058	358.161734761	6.28255836597	30.6692684688	0.446305824546	0.00245441320379	161.033738097	70.4055290858	166.95823804	7.88204907317	42.0514592645	1.50958393116	0.0029379703488
Mrk10	116.870136321	60.9342381224	378.062138637	5.87349923324	36.685501526	0.646497647611	0.00322252288964	116.869713299	60.9344327312	270.774492253	5.44852955038	41.4258559428	0.792555333572	0.0025077389166	116.869992738	60.9341696781	152.554740258	6.56563170271	52.4792055921	1.903678133	0.00286793048543
Mrk1018	31.5674523668	-0.292605815709	68.5789729956	5.2031647324	25.2272572521	1.61346180084	0.00160243422613	31.5669675988	-0.294068134036	64.2478363296	5.49689777323	33.5557532719	2.57353481164	0.00200976998692	31.5673702935	-0.293984744214	51.1275234819	7.95556968883	43.9333455486	5.75318868442	0.00355629004112
Mrk1210	121.0247026	5.11406637804	281.940117605	5.94474131197	21.2148580489	0.352133491482	0.00176013177047	121.024677152	5.11400240647	124.051357776	5.96899594132	28.7667515181	1.12450765856	0.0019526192229	121.023827598	5.11377376401	47.6267095261	8.7972336608	37.0423332726	5.08250915275	0.00284675090522
Mrk1310	180.310223814	-3.67791578461	128.612206509	5.61431393558	22.6582302386	0.783255274885	0.00168086899127	180.311190291	-3.67760911082	76.4772964381	5.47546918205	30.9606832247	1.84431796236	0.001884660383	180.310028791	-3.6787406193	44.8654679898	13.0150194166	25.1786059285	5.10834543899	0.00291235798358
Mrk1392	226.485496993	3.70741905853	277.253990028	5.46639910762	26.8545693714	0.448737588862	0.00200006573005	226.485190255	3.70734455706	161.43959464	6.50437641998	31.7782255003	1.06946623858	0.00252486851077	226.484723143	3.7062250581	92.2656121484	11.7429914994	38.5848594682	3.48716195289	0.0040460072552
Mrk18	135.493112043	60.1519527689	753.857159989	6.26439121904	19.4023874417	0.127213584629	0.00170008204773	135.493177272	60.1518412524	321.635188458	6.82735205976	25.4505919982	0.438585561653	0.00205465393741	135.492741036	60.1521939203	129.037529133	9.39989313915	35.5240940755	1.94598563543	0.00313044624451
Mrk198	182.308998068	47.0583978389	342.43497722	5.89209271396	19.7608099185	0.272096103109	0.00155054895795	182.308746084	47.0584823582	152.463671371	6.1496978511	26.1920175183	0.874529840694	0.00188173570851	182.308295769	47.0583047664	64.2925417296	9.46453968197	35.1375726256	3.74748561096	0.00288461126573
Mrk202	184.479704329	58.6600008022	112.502629311	6.4205236232	19.0334749092	0.842974630805	0.0016545282209	184.48327031	58.6600676595	53.9915643308	5.81386423411	30.2507052867	2.70773183973	0.0018794612897	184.483016825	58.6577777276	31.2103768237	6.72020279238	47.3289572457	8.52269472429	0.00276342272371
Mrk279	208.264695434	69.3081917266	341.874022412	6.35963941002	18.9444205293	0.274985469527	0.00162654120309	208.265591227	69.3083390386	131.522446631	6.23136284358	27.3654540033	1.05390207154	0.00192876770643	208.271958973	69.3105192408	53.7817195575	7.06299429882	46.6326859627	5.39657575298	0.00291970926188
Mrk290	233.968767492	57.9025119729	49.4637673873	6.15391864074	18.6064060406	1.78480020027	0.00146909829743	233.969662148	57.90208353	25.5752097019	9.56143962561	18.4520601998	5.07657298289	0.00194394086239	233.968519487	57.9008888348	22.1464302884	15.5654398995	21.1879393432	11.1405270905	0.00321428233533
Mrk3	93.9018615919	71.0374778613	465.787461854	3.0396707404	24.4990916281	0.129919806463	0.00170751760085	93.90097053	71.0375981275	209.420842569	3.0915335327	32.8825426952	0.404399538227	0.00193343410023	93.8970472147	71.0380149971	93.3255381477	3.87863006737	52.7705073627	1.8393016364	0.00302659384898
Mrk335	1.58158365693	20.2022420268	67.9175669301	6.378516355	19.2583892158	1.38254493753	0.00162674168409	1.58051587664	20.201216946	36.7933769201	7.49092841969	21.8289724718	3.50080237552	0.00191866252326	1.58502443308	20.1992731057	17.6915476453	8.45134141046	33.4211779023	14.1070972501	0.00290738067871
Mrk348	12.1972568658	31.9568227915	300.684547466	3.51611153415	22.7368894798	0.214875947039	0.0020355571509	12.1973793487	31.9569301251	191.571437931	3.38707977279	30.4624774917	0.434812376299	0.00191715541109	12.1975168133	31.957390042	125.593757022	4.20366754111	45.8653815146	1.21203166747	0.00298501864262
Mrk352	14.9720841392	31.8268854231	46.8324932443	4.52657006305	32.0587715064	2.99389527126	0.00170257376293	14.9711300046	31.8263740073	32.2102057698	5.65854108928	31.052237026	4.56894131787	0.00205353906421	14.9755005778	31.8235138808	15.8617271481	6.38116390321	48.1374218656	18.873399522	0.00286639413229
Mrk359	21.8856822225	19.1787694559	488.098829539	6.98036784032	19.1842876683	0.2129691623	0.00196733495118	21.8859284363	19.1787993135	186.529473802	6.82666847234	25.1449978971	0.734671683071	0.00200775212695	21.8857572218	19.1790274518	61.9677783757	10.0925261113	32.395250192	3.92418814745	0.0030505640496
Mrk417	162.379804736	22.9643499815	47.9787464902	5.5863992319	19.9056318839	1.86270910993	0.00147758079386	162.384063232	22.9595795321	21.6627583687	5.09539746583	41.3627658251	15.3238533531	0.00182284334678	162.38654104	22.9661220573	-180.430436212	132.396953136	4.38190663067	1.4626354506	0.00275871843282
Mrk477	220.160217161	53.504478031	248.291296859	6.84937100252	17.1733319773	0.362080937353	0.00157140357959	220.161233842	53.504846469	90.3656148814	6.91201350084	24.2634094112	1.46142094474	0.00184094805163	220.16595831	53.5081038541	34.668377129	7.73760407556	41.0759467392	8.37914036186	0.00288225901206
Mrk50	185.850258029	2.67872183226	62.7723311514	6.57949878436	17.3447856802	1.43426361316	0.00158133211116	185.850493151	2.67872159193	33.2795118115	8.24176875944	19.9536635795	3.75687450239	0.00186139314323	185.850391887	2.67972229899	16.1077719327	16.0905427491	21.9152051934	15.2829125186	0.00283030740074
Mrk509	311.040345975	-10.7235864029	393.480177967	6.76934548496	18.2280133303	0.243532983782	0.00171054842339	311.04019163	-10.7235363461	156.418851204	7.19917984515	23.35485498	0.843392563322	0.00193851469348	311.038828669	-10.7229722603	44.4551537332	8.42449700688	37.1834847818	5.49405418847	0.00297405062657
Mrk590	33.6408384669	-0.766792549779	453.988537856	4.24621476039	33.3812827651	0.321755887077	0.00155302414394	33.6409698022	-0.766767577431	274.568296865	5.04238726661	39.6438399471	0.669704142451	0.0020739440304	33.6412087796	-0.767002355283	146.835851814	6.93168970826	49.4140307258	1.95757146198	0.00309459785748
Mrk595	40.3956266366	7.1869312231	197.377315439	6.4075954178	21.316429439	0.53770662708	0.00193610241663	40.3954147735	7.18641713676	79.2703247254	7.79331896949	28.2184707969	2.21508458145	0.00280674540321	40.3947244557	7.18818902102	47.038131018	26.5632360056	30.6043608272	11.2144531272	0.00676741860659
Mrk6	103.047781461	74.4274288845	285.864936892	5.32857634952	23.620828306	0.366161682166	0.00172692487967	103.045924113	74.4276629055	139.63473296	5.67610150776	31.7369683751	1.08313735541	0.0019221785669	103.042463895	74.4272145091	69.6692536096	8.51175309062	36.4818563304	3.39811291077	0.00270415624007
Mrk618	69.0931131486	-10.3762551677	974.225682976	6.78456819611	20.9626288871	0.116087921182	0.00225987698311	69.093349888	-10.3763141331	445.11689054	6.23730207976	28.0174584369	0.31410972816	0.00194706023746	69.0940549431	-10.3756626615	189.388525776	8.74939950908	37.1420992784	1.28764936588	0.00287409184317
Mrk653	189.964957277	34.9752483604	213.828789742	5.30519809721	21.9526215145	0.434875998168	0.00149207105537	189.964434652	34.9751442615	102.795048438	6.06660610702	29.2178070554	1.40861074254	0.00200303004023	189.962620409	34.9742039587	37.9628974356	6.44481907568	53.5487292437	8.01209982531	0.00278920623068
Mrk704	139.608782902	16.3050986605	111.047242673	5.63323892586	21.1684298655	0.857314281316	0.00161217269391	139.609312606	16.305081962	57.3561993812	5.91993045105	28.6198071016	2.39682722916	0.00185456155187	139.611435364	16.3108873903	22.2709378492	4.85331433298	82.2469056459	32.8969887033	0.00283989818431
Mrk728	165.258499202	11.0468564081	29.0805140387	5.63628559019	20.6099875531	3.23905562886	0.00160205891705	165.262833396	11.0447148078	20.3661306762	5.61999118986	30.6339961342	9.79866480318	0.00173229320526	165.257048129	11.0478823049	18.5918138207	181.58387918	5.97921957278	13.3405905994	0.00290066984313
Mrk739E	174.120757322	21.5961284654	1006.83620249	6.48729541912	20.6999258068	0.105221552579	0.00182813992212	174.120663691	21.5960154757	459.226112752	6.46488064263	25.8331363262	0.30198915402	0.00202111657088	174.12063443	21.5968223412	165.520175143	8.82713745071	34.4807160288	1.35872641436	0.00266728896674
Mrk766	184.610396073	29.8131453231	898.185679664	6.44919535822	19.5744151116	0.108957542097	0.00177115771496	184.610647382	29.813086385	346.683933615	6.56426309338	26.8036612742	0.406898548021	0.00207696299991	184.610756048	29.8138739874	123.116080151	8.78292797126	35.945540308	1.95555940901	0.00280283745988
Mrk79	115.636495055	49.8097379804	412.644700269	5.60423561955	29.4865081041	0.363265096269	0.00236902524672	115.636451585	49.8096062462	214.317692288	4.80778641885	38.6548798342	0.783478973062	0.00192880382641	115.636441953	49.8091324868	110.267294847	7.44777157663	46.7555185725	2.47545557705	0.00307470889447
Mrk817	219.092589271	58.7945728366	561.446936467	6.05017460165	20.0869460362	0.172126704352	0.00166993949364	219.092479493	58.7947524347	244.228596566	6.28449065283	25.9309998285	0.544396519779	0.00186311407747	219.093638768	58.7951122968	78.7226591846	8.92714475784	36.0270352126	3.05889568481	0.00295298105045
Mrk841	226.005314189	10.4378608983	60.8115883804	8.0126751616	15.5236313752	1.5419033593	0.00171819544389	226.004915165	10.4378223184	14.4976017894	15.5268930755	13.5294431887	10.680609209	0.00332975597267	226.008723532	10.4372572318	127.628040193	101.885040421	8.153840505	3.23985629471	0.00403293996611
Mrk885	247.451977888	67.3783568144	354.386665308	5.79578400614	22.5134567416	0.292396287507	0.00179814089523	247.452033393	67.3784029113	182.611092947	6.37639977449	26.5718145531	0.742243779331	0.00192483511929	247.449557997	67.3790360439	75.2041066398	8.87494648765	37.9032562192	3.3067287503	0.00297078366759
Mrk926	346.181684638	-8.6857509297	242.89475196	5.98632694954	22.2184071309	0.438982094793	0.00195697225321	346.181704191	-8.68552591893	126.789464515	6.47347370644	26.3566140225	1.08011490824	0.00189667964451	346.180721188	-8.68482349348	52.5160062707	8.00908196943	39.1283696459	4.44237555796	0.00271558788624
Mrk975	18.4636021239	13.2718761062	463.96226241	5.77960880869	20.5359076932	0.204212172144	0.00156870726814	18.4638046004	13.2719219501	229.168419744	6.71906091593	25.7192976041	0.586920520324	0.00183315359525	18.4635789062	13.272015287	92.8361898105	10.4665967463	29.0859541044	2.37795314552	0.00256873425185
NGC1052	40.2707483198	-8.25611335146	262.116623703	7.20614956317	22.080017848	0.485195638324	0.00266279640003	40.271003328	-8.25588361684	195.256393616	9.69165101777	25.6436332582	1.01463209389	0.00342719277032	40.2710663211	-8.25541981065	189.967784196	14.8157537368	38.8976652286	2.51414468473	0.0067515408648
NGC1106	42.6688471679	41.6715626478	390.547286563	4.47097070118	32.4877864453	0.365204648064	0.00162658877182	42.6687647462	41.6715808926	226.408200681	5.06212827781	36.0828875775	0.704023583988	0.00193127219833	42.6682749883	41.6712533847	108.305615922	7.26708709729	43.4196637487	2.24081727867	0.00267467063863
NGC1125	42.9186944923	-16.6508052903	641.939267914	6.91406395511	21.9576449652	0.187657335231	0.00247629453883	42.9187661936	-16.6508044481	271.285354616	7.8154632027	30.6875914027	0.733246893034	0.00319041036806	42.9189556411	-16.6507786314	97.8348323932	16.4043169578	45.4571208835	5.71007562939	0.00727330668758
NGC1194	45.9552876277	-1.10398478903	174.546653387	5.40441163297	23.7995989657	0.60685105702	0.00175132855343	45.9556731943	-1.10434058445	95.3220726166	5.59489217279	34.1267518965	1.71352507665	0.00206283731504	45.956117217	-1.10541012568	41.5351404277	6.72933807511	52.0344637322	7.67287490587	0.00322507654178
NGC1365	53.3975764485	-36.1358944519	35003.7413568	83.9154129912	25.2389262648	0.0853076558175	1.05790021737	53.3979316937	-36.1361452001	16244.2928473	26.0806912615	29.7739063692	0.0512637691723	0.140535534337	53.3981805575	-36.1365844875	6226.20745823	9.93084003925	40.1674974275	0.0584772836539	0.0191250014128
NGC2110	88.0462212167	-7.45639712748	1329.58243744	8.19734394648	20.4409156637	0.101938777457	0.00319066926306	88.0462682318	-7.45636639916	537.561972939	6.50970203411	27.2889054275	0.26355658663	0.00197865436544	88.0465658194	-7.45679521833	196.987721026	7.93495891914	39.8028039176	1.2131940252	0.0027737173908
NGC235A	10.7200556315	-23.5408077835	922.31747569	6.54555096268	19.0411150181	0.105299906976	0.00176459170151	10.7200116418	-23.5408707295	368.761382491	10.6508215393	23.1659010048	0.517000107405	0.00403094158015	10.7197782755	-23.5416271194	135.154518648	11.0942255627	31.5489441751	1.84034886779	0.00332661634003
NGC2655	133.904826515	78.2231231406	518.874401736	5.87237441248	29.7338580033	0.30821847455	0.00269574917447	133.90177402	78.2231916771	253.115037598	4.91926442316	44.146197858	0.869299225615	0.00223777646326	133.900793387	78.2234090979	132.060822757	6.06355612083	60.7142426956	2.65510879885	0.00275428824059
NGC2885	141.827425565	23.0203729803	254.557205182	5.45361356291	23.9769585989	0.422692645499	0.00178853575501	141.827306934	23.0203426355	132.967533512	5.41576682572	33.2115085905	1.12962598966	0.0019741167077	141.826646843	23.020570128	74.658293466	7.9598812177	41.0434908257	3.31759879397	0.00288106804432
NGC2992	146.424732773	-14.3265407093	2975.04274796	12.393642721	20.9208981972	0.0675293859729	0.0214233671909	146.424682129	-14.3266683368	1281.14555661	5.52044020338	28.0041770619	0.0973642302152	0.0046929078804	146.424490588	-14.3268116681	493.456227705	5.02981567169	40.0558173085	0.309504981289	0.00342978635557
NGC3035	147.979189603	-6.82319385351	386.781155445	4.3856143856	39.3165760586	0.55335310705	0.00178525195788	147.979263993	-6.82316165749	235.193146287	4.45351077347	45.4952433408	0.883294489659	0.00190703236999	147.979350101	-6.82295105988	125.554163472	6.42734259514	52.3014068771	2.1868986422	0.00263630381841
NGC3079	150.490447968	55.6800404374	16837.1294127	122.666180769	21.43576274	0.123573580071	0.743301527538	150.490466292	55.6801330918	6960.19556411	56.7295015816	30.1311449545	0.200235405037	0.183953944496	150.49015993	55.6797974425	2734.8626533	27.3047358469	45.6505990528	0.347440235325	0.039250579492
NGC3081	149.873022943	-22.8260884113	679.638858911	3.59167210031	24.328423562	0.103339624312	0.00228642476437	149.872696771	-22.8262077785	288.221697795	2.95356819037	39.9482598035	0.374743791506	0.00220863714449	149.871056456	-22.826348519	130.919176412	3.50387645365	60.9523798647	1.56914836551	0.0028933266948
NGC3227	155.877352341	19.8649010276	3089.33061077	6.46981306042	22.236038582	0.0371192423964	0.018173948926	155.877256955	19.8650264164	1322.08295758	3.11070791587	32.7332243013	0.0634546467502	0.00617233758197	155.877292877	19.8654294803	522.142407625	2.38003172252	54.2360263076	0.215407505434	0.00395951640806
NGC3281	157.967118821	-34.8542193968	1813.87444181	4.79775868265	19.5992906642	0.0422264413249	0.00329887400187	157.967227547	-34.8541624079	710.891282939	3.99505411542	27.547242523	0.126565081075	0.00255037480017	157.967770269	-34.8542123473	251.785326456	4.9173901228	39.6793228258	0.549992029349	0.00281191630597
NGC3393	162.097979814	-25.1620187011	474.875820435	5.81629188806	29.7946990895	0.334103321488	0.00258026610389	162.098008128	-25.1623330011	228.166634104	4.57774736946	46.6897955183	0.985120778187	0.00206486977736	162.097978686	-25.1630607035	115.813038622	6.11431172194	72.7114412744	4.43722454066	0.00317073042016
NGC3431	162.812507959	-17.0077429605	548.372795468	7.91593841138	27.2294103007	0.33437466405	0.00434309027394	162.81284017	-17.007877272	313.366294081	6.04889945639	35.0794216162	0.57830934683	0.00266194682828	162.812555928	-17.008190429	162.538864868	7.06076064683	48.0633524048	1.64553114647	0.00286100509946
NGC3516	166.697372222	72.5683295766	310.136526241	6.29967360861	19.8855825032	0.31443187158	0.00171332753931	166.698828748	72.5684554267	106.701349763	6.38769123676	28.6331360817	1.38139475887	0.00213888984924	166.69740073	72.5677316893	52.7999781467	8.89676441687	34.9547688958	4.33670204675	0.00273030428174
NGC3718	173.144637968	53.0687418713	431.15967178	8.86575245184	30.5466075321	0.595168291301	0.00611039964433	173.144447884	53.0684620837	275.960072402	6.45047443848	40.2645176394	0.867061083655	0.00347758201346	173.143646508	53.0688756417	164.856155091	6.51319569646	59.476362739	2.18615921877	0.00322836879988
NGC3783	174.756314343	-37.739713382	431.20623493	1.79120361331	60.3299564705	0.828287979593	0.00204720385189	174.756810314	-37.7397787065	277.8705383	2.41445409207	57.5302661934	0.695948683675	0.00199287238345	174.757215556	-37.7397926347	162.446778706	3.63503357277	59.8006318137	1.24619420584	0.0029462129789
NGC3786	174.927544841	31.9091559829	907.810725073	15.9446021789	23.9729854041	0.342325154764	0.0152167145472	174.92758011	31.9092318352	458.683126365	9.8891076955	31.5164475949	0.564625917262	0.00628594510285	174.92792482	31.909610962	214.585148738	7.56281106315	45.535574521	1.23693076842	0.00308218263534
NGC4051	180.790152201	44.5312388909	1224.6192999	22.4333064346	18.3318912697	0.269887271704	0.0208785280888	180.789872444	44.5307782416	517.285418632	7.3854186559	35.0153853988	0.435253463872	0.00405657603322	180.789934167	44.5299259145	250.00442202	5.61970891925	85.8396433374	2.87139215716	0.00301065318285
NGC4102	181.596048485	52.7109508235	14754.2963447	35.3584079556	19.3842479052	0.0361515261057	0.051435906153	181.596053109	52.7109557556	5549.35895304	14.909738381	27.357462529	0.0591208084403	0.0107133562028	181.596350708	52.7113771539	1884.01110184	9.98205929852	40.5764781855	0.164461127045	0.00463247715477
NGC4138	182.374642225	43.6858090279	533.624742067	3.70732452979	66.8895334403	2.13372847136	0.0032757589834	182.374896053	43.6854731018	357.316728478	5.05308302869	57.5581743756	1.13900056881	0.0027756659812	182.374664128	43.6859213948	223.90187268	6.34843000028	61.2654314942	1.64335145398	0.00301461570745
NGC4151	182.635472937	39.4060030935	469.779961413	4.81501116894	28.8190596663	0.258794148143	0.00359673543447	182.634984613	39.4059151266	224.79059879	3.15368977983	45.5352998062	0.654627322294	0.0020535758715	182.634880099	39.4056642942	100.249447917	3.71169844285	91.9771025689	5.45433415167	0.00308471131678
NGC4180	183.262775227	7.03915292237	2411.52377629	21.1531298662	23.6416007288	0.16864373025	0.0264018969261	183.262813901	7.03931388039	1162.65849886	9.52732855034	29.7442920488	0.20086946985	0.00513017643919	183.262733973	7.03909006767	484.723546226	8.80572330984	40.3264745577	0.563391185676	0.00356308449031
NGC4235	184.291015041	7.19176183823	335.057579898	6.14258398227	22.5190450304	0.329886870942	0.00200527063129	184.290928731	7.19165962708	152.279473679	5.27559582915	32.8105071566	0.958189531907	0.00190448402804	184.292378382	7.19225221625	71.0544653786	6.61862341967	48.1326359176	3.63027648418	0.00266337583676
NGC424	17.8659837882	-38.083565462	392.799134696	4.90912317595	28.4795634703	0.318873878857	0.00178556404664	17.8660715474	-38.0837840328	231.483564787	5.07216861327	37.023311611	0.715696128089	0.00194117133364	17.8663762448	-38.0839128234	125.544433789	6.67113509771	49.8987895379	2.18888899579	0.00279218093712
NGC4388	186.444710319	12.6617537229	2049.51698094	16.3723978714	28.4513054581	0.200870522843	0.0587980298689	186.444686262	12.6618636346	1040.8192522	9.34919757563	39.1223186894	0.317866150279	0.0215643758477	186.446155128	12.6620736881	515.795673253	5.73708136404	52.9489348941	0.496726117321	0.00664410451651
NGC4507	188.902584593	-39.9087197245	621.603616358	5.44480787258	33.8076761661	0.301688276861	0.00240877166431	188.902315545	-39.9086696778	333.026702437	4.40755624555	45.3414296274	0.615435219795	0.00183146835061	188.902199416	-39.9091215419	189.034426175	6.28823501146	54.8300009058	1.56063572976	0.00273242133616
NGC4619	190.434537858	35.0630228496	606.976047937	5.90676416824	37.3168581264	0.422557012398	0.00329383734831	190.434533434	35.0632339439	365.7193855	4.91879700375	41.6129877964	0.537794838533	0.00209175144396	190.434219027	35.0628613508	196.319192958	6.82571689603	48.0580958629	1.34933372397	0.00279000653947
NGC4748	193.051816074	-13.4145574738	689.25560764	5.99386213039	23.3016657481	0.161657418479	0.00198507082102	193.051724881	-13.4145214758	337.089102898	6.06630148196	29.9208654498	0.436759187779	0.00207566726383	193.051856572	-13.4148141307	148.745038004	8.07877611072	41.0534989535	1.66629515459	0.00274117569936
NGC4939	196.060140618	-10.3405017914	1776.89022467	1552.97555999	241.446957219	120.627180188	0.00349927100836	196.058854196	-10.3398279172	336.759293297	4.09668520397	99.1487965563	4.75562798993	0.00254434088172	196.058823042	-10.3400607428	226.501312606	5.13516903852	85.2382170308	2.82853408046	0.00261796204064
NGC4941	196.054625076	-5.55143324655	408.219244385	5.84829233516	30.3790214214	0.403011218242	0.00271414949378	196.05455571	-5.55134534618	215.192295265	4.23211748969	60.5772595176	1.78019350662	0.00205524929558	196.054908085	-5.55196180332	131.63393765	4.84542959044	99.97551373	7.33962456016	0.00275942663072
NGC4992	197.272764251	11.6338290876	188.553026059	4.40009637794	33.6652452054	0.810931807059	0.00169917250652	197.272462694	11.6338180361	135.318174508	4.8929880902	38.0303166722	1.23738953321	0.00190418952324	197.272572832	11.6344552817	78.5653373017	6.94351166286	46.9013141685	3.32338340429	0.00285212476609
NGC5033	198.363770105	36.5942364431	4819.68012863	52.1411547702	33.7627744713	0.37848694829	0.237085799105	198.363798864	36.5945293283	2633.41804637	29.4218113472	43.1146062726	0.474855938128	0.0770277863799	198.364097737	36.5942399228	1367.67225308	15.272793415	54.2259199775	0.517534920297	0.0160292877657
NGC5106	200.248116217	8.97835815228	1952.52586113	8.85093554252	19.0704105651	0.0679373644448	0.00324736965396	200.248076376	8.97840804948	847.852888979	7.22514872193	25.1407904389	0.168943398059	0.00217343943245	200.247882445	8.97826291744	312.09597067	9.16000190727	36.7235153621	0.765560161689	0.00269702661182
NGC513	21.1115976479	33.7995253855	1104.62867821	7.14305492577	22.029801758	0.113234839089	0.00268124888488	21.1115093678	33.7995226323	524.616307998	6.59793070317	27.2033869794	0.271525122496	0.00204280100862	21.1112433927	33.7996105441	203.683896595	8.19080047633	37.7546058649	1.14920281658	0.00274350691889
NGC5231	203.950825971	2.99920755468	693.252700464	5.99053076145	19.5343928181	0.132739116154	0.0015789765329	203.950840039	2.99913881926	313.392172337	6.41156351426	26.4319175511	0.433362856189	0.00194976770007	203.950472661	2.99836007817	126.352713239	7.58522560155	43.4408077461	1.96904803729	0.00277683669053
NGC5252	204.566265936	4.54290402712	123.085545306	5.01898533031	25.8642932198	0.887499690264	0.00163372736771	204.566022838	4.5430667957	54.8613366683	4.92898784511	39.7361000485	3.28901929935	0.00199019040025	204.566246748	4.54592826807	31.2384807791	6.2683617934	49.2263836545	9.18770982532	0.00281361679377
NGC526A	20.9769179129	-35.0653384855	117.333614826	4.8512887802	25.5012396485	0.878192818523	0.00152416896891	20.9767610897	-35.0654106476	67.4758790863	5.33714388997	32.3949971896	2.14395195114	0.00186668399589	20.9802905528	-35.0652434947	35.0771790207	9.67304479165	31.651670227	6.76746147785	0.00290216821096
NGC5273	205.53530883	35.6539632024	206.385046466	5.87923271015	21.7593879038	0.491256841695	0.00173636844614	205.536653192	35.6533088128	109.558864299	5.38034297238	31.7722831492	1.33350967287	0.0019184395506	205.537077753	35.6520573779	77.4582676205	7.96269528951	41.2473720501	3.28995134048	0.00281946779874
NGC5290	206.330567731	41.713216846	945.012461547	17.3154754851	32.5139232305	0.597759584434	0.0248039569512	206.330884418	41.7130603325	574.330753766	9.75579729488	40.7513553706	0.646815725411	0.00798622272649	206.331354183	41.7130843748	300.948528771	7.75853998192	55.5883426706	1.28287904778	0.00452295868318
NGC5506	213.3117873	-3.20756678391	1767.43988327	5.14057988293	19.6669491596	0.0448173787526	0.0036322822571	213.311851023	-3.20756205251	681.629379927	4.20643707771	28.5480393075	0.139247340683	0.0027218432483	213.311689091	-3.20777207384	250.905678856	4.51315610237	44.3020781035	0.614613889992	0.00318075417124
NGC5548	214.498117999	25.1370766858	481.413713082	5.53725418157	22.1297962499	0.20278189819	0.00156333741336	214.498150392	25.137215168	210.222470938	5.55288661498	30.1159106842	0.644075712757	0.00173196543594	214.49712079	25.1377886428	74.1737424325	6.9893842401	45.2281067466	3.38145681103	0.00265728594147
NGC5610	216.095287117	24.6143603531	1979.65933032	12.7186956817	21.2007480906	0.108002931092	0.00825782814519	216.095268424	24.6143047633	863.869930884	7.30755705302	29.0122138304	0.199439458782	0.00293951996174	216.094885308	24.6141559386	337.466659685	7.79420649814	41.3579438995	0.730103362445	0.00289262914476
NGC5674	218.467467629	5.45831254942	581.823869876	5.23111832282	36.0829443308	0.355334414786	0.00250546906175	218.467391538	5.45832783958	344.117725818	4.61354582206	42.689721418	0.549925387466	0.00192034268248	218.467213883	5.45831866184	202.929232434	6.77671798326	49.4234984442	1.32992221108	0.00276102300052
NGC5683	218.718865327	48.6621146466	74.687730629	9.26543922055	17.6772528574	1.69559639243	0.00304795552128	218.719491733	48.6615604741	48.9425234809	6.01602908196	29.424137723	2.92676624907	0.00198423080383	218.718957443	48.6608779157	27.6594010943	5.17975881434	92.8423805327	29.7122796012	0.00283723492263
NGC5728	220.599657443	-17.2531617521	3052.2722028	6.58512745237	20.2700376155	0.0346847329853	0.00625197353181	220.599636923	-17.2531601845	1214.88778845	4.1634226891	28.8222169396	0.0793027844817	0.00279960684942	220.599530856	-17.253393651	426.503822463	4.64406087598	47.311894963	0.400177286293	0.00361689077158
NGC5899	228.764115939	42.0502274076	1299.14341204	10.0159197356	39.2527473851	0.379643038962	0.00960642890894	228.764172446	42.0503667296	840.515827639	8.31411521138	44.9895900702	0.453328607453	0.00642260771731	228.76507342	42.0512448455	445.364887011	7.79589116403	58.7121166666	0.973167204904	0.00455684287385
NGC5995	237.103656295	-13.757505687	1727.03258513	7.30807389099	21.4811703428	0.0728888076594	0.00276579131736	237.103667883	-13.7575474528	770.308879734	6.02900555531	28.5537305876	0.182598246494	0.00198579561089	237.103437858	-13.7581393219	306.512069993	8.42053290352	39.1985671258	0.781611603198	0.0026938314908
NGC6221	253.194163318	-59.217313414	7647.27005984	42.3197099412	22.690456789	0.108294644999	0.102166893262	253.195236538	-59.2173829006	3218.44788572	19.5069432075	36.3061592097	0.203333312279	0.0295193949083	253.19751204	-59.2171066209	1346.61108062	7.88273267249	60.7226463442	0.356881887934	0.00475137432693
NGC6240	253.245437902	2.40090317719	5604.1993063	24.9224576817	19.4027805139	0.0658924616049	0.0269871309174	253.245529008	2.40102344118	2197.6460235	9.17120656289	26.3539689689	0.0859577619002	0.0043241800142	253.245656134	2.40119141377	784.234908046	8.7763280199	37.4734386916	0.322485086504	0.00362688399648
NGC6300	259.249198725	-62.8208457133	2667.50118483	30.7870724068	23.8798805357	0.228285006024	0.0568068875512	259.248419477	-62.8211659309	1254.92163304	12.0121688763	42.9412562079	0.401364324434	0.0128909840466	259.248729006	-62.8208503374	626.454254358	6.67775545498	76.4481397337	1.01012833269	0.0042035033741
NGC6552	270.031992508	66.6149421602	706.502381892	6.09461633442	20.0854238724	0.138007316587	0.00174198771769	270.031986425	66.6146946	297.132393559	6.28410866337	26.2565057568	0.438665436793	0.00176109285474	270.032870841	66.6146607713	101.716508512	8.45404677321	38.3556323221	2.47287704646	0.00305889084276
NGC6814	295.669149876	-10.3236921338	12976.8194043	58084.6805352	576.322146047	1319.56672725	0.00364579703315	295.669174755	-10.323946536	3489.53228926	6077.37482413	473.037687963	440.186143616	0.00241869382675	295.67001011	-10.3230358987	303.50746002	5.36356821081	101.238487789	3.67658324176	0.00329487700322
NGC6860	302.19609037	-61.1002572067	652.154857232	3.3198732607	27.5372903624	0.121130164804	0.00229539913734	302.195881208	-61.1001429915	354.307799912	3.07428661218	34.3141546403	0.252949916192	0.00207143139706	302.19517106	-61.0997433562	164.481238362	4.26280480911	44.3225476994	0.866947216906	0.00276276238313
NGC7172	330.508379552	-31.8694747988	3997.35246423	24.601463134	20.9255954765	0.104586595039	0.0320232104045	330.508502396	-31.8694475045	1697.06253053	13.9748730364	28.5235496793	0.185553643846	0.00947570867462	330.50832168	-31.869206087	625.003153004	8.97553857775	41.9563517692	0.478279101791	0.00378707598359
NGC7213	332.31783809	-47.1668702077	572.635448339	5.07345623574	42.6300245035	0.520916871195	0.00266315615146	332.31751491	-47.1668000256	369.62498795	4.26967859337	59.0202170567	0.980270233245	0.00203779335135	332.317774184	-47.167114235	262.151088868	6.17249655988	62.8015331299	1.42821462781	0.00297399975695
NGC7465	345.504306597	15.9645726885	1216.86037111	7.01732166677	22.3727774157	0.102054293024	0.00261516485516	345.50438974	15.964546318	532.735128271	6.2633427486	28.9091962508	0.275061956098	0.00213976344548	345.504218827	15.9649226756	212.875020715	10.6226266113	38.8665141868	1.42208377834	0.00441753426715
NGC7469	345.815172432	8.87386412976	8264.23867627	19.2965159043	18.1832148284	0.0314635498305	0.0376015008845	345.815184375	8.87384009564	3096.05297584	5.37889696317	25.1487900529	0.0350572111364	0.00386230716344	345.815073476	8.87427571814	997.856361705	5.51288498551	37.2668028997	0.153709392228	0.00349981551932
NGC7479	346.23614997	12.3226350687	2884.98047012	25.3362436652	22.1508924082	0.154278231436	0.0335342929923	346.236101002	12.3225647353	1318.22200496	10.813030186	34.4547027938	0.241028593285	0.0084235334892	346.236442911	12.3229783419	553.521177568	8.35420245021	56.9126116988	0.751988270233	0.0047588677294
NGC7582	349.59874779	-42.3706492233	16059.2972474	66.2946588375	19.1546242697	0.0619559134681	0.182589177313	349.598709793	-42.3706665303	6205.25241931	25.1471831948	26.7461996769	0.0857668899127	0.0292905087497	349.5983445	-42.3703568741	2034.77700661	16.9037946292	42.1831676291	0.271997287827	0.013396377072
NGC7603	349.736289758	0.243933150908	1122.35259364	7.65960522896	19.7617561558	0.104800371539	0.00248357868484	349.736227041	0.243879754642	512.661415655	6.26346035231	26.6820391586	0.261932511337	0.00189344081297	349.735725697	0.24421694633	188.253737882	7.80494280721	39.7277629485	1.24102863576	0.00273176224257
NGC7679	352.194669194	3.5115251708	2239.72083889	7.63269891556	21.0869718055	0.0567594792524	0.00285525076268	352.194722268	3.51150864739	919.365120916	6.51586281402	27.5787097497	0.155956136296	0.00210588996839	352.19470555	3.5117604061	336.571122525	8.71798809417	39.0750207616	0.764295921816	0.00309039729825
NGC788	30.2775349265	-6.81566737368	163.742125479	4.62876280399	30.1943168857	0.805590717259	0.00165068126788	30.2772275842	-6.81473137943	83.7798930644	4.55765763463	46.7968536446	2.72522902116	0.00203724258948	30.2755964126	-6.81493995281	45.2202266807	6.06576384384	60.9309701262	7.69797587982	0.00275575262912
NGC931	37.0607612131	31.3119108301	727.530420677	9.90596222177	33.4525379131	0.462527686831	0.00843409559183	37.0605347959	31.3120798282	447.129004713	7.24259844264	41.7141682975	0.642431698631	0.0043430793664	37.0602823238	31.3121202698	243.971853368	12.1819431749	60.8075261691	2.96045645845	0.00722167413272
NGC985	38.6566246669	-8.78769789454	576.738304693	7.1906641042	24.0947009619	0.24889058413	0.00305082140808	38.6564328167	-8.7876836745	313.591067726	8.05332731319	29.4544511973	0.62493920078	0.00322245797369	38.6552721394	-8.78699661955	154.446673992	21.7860903664	33.550579739	3.1776634849	0.00631597997777
PG2304+042	346.764129588	4.5484930871	25.4396672076	6.07001356871	19.7626195038	3.90835227666	0.00156276761944	346.761628891	4.55014023774	22.4421607523	6.83635601955	23.6280431063	5.78654725445	0.00189614117313	346.760999806	4.54738049383	25.2468406367	33.5717471073	10.8386286575	10.5482561821	0.00294870848468
PICTORA	79.9564009533	-45.7785786072	486.112962523	6.49585398551	17.4585069972	0.182570759235	0.00153191968702	79.9564082103	-45.7786239615	617.124850321	6.65365383524	24.4252022785	0.208086752536	0.00177826234395	79.9563312027	-45.778679926	774.723075194	9.82100148115	34.8143620612	0.316014630862	0.00296364990657
PKS2331-240	353.480851217	-23.7280993972	406.458212258	6.80760943316	17.4019407215	0.225999445219	0.00162022454962	353.48089448	-23.7280163742	481.13637968	7.02544659179	23.6794390601	0.271117151374	0.00187885779364	353.480858743	-23.7279501926	568.546941949	9.07232526013	34.2836186904	0.407933612612	0.00279952187178
SBS0915+556	139.802311646	55.4671659196	16.2275655923	4.56225883575	28.1402714584	8.04014560234	0.0016062509537	139.791036968	55.4753016004	35.0263754376	48.1394437384	43.5520562377	23.9679266707	0.00189202703155	139.799632972	55.4690890884	39.5610835237	12.5445177497	20.1294550103	4.93030576601	0.00282625686672
SBS1301+540	195.998599151	53.7916389723	87.1729305001	7.58117583513	15.5714092282	1.01250280036	0.00154660937339	195.999161766	53.791978503	54.5552546726	8.26504252093	21.3015566546	2.43797796385	0.00196504983781	195.999111589	53.7904882478	33.738001116	11.2822667302	27.25130575	6.5621059927	0.00274852990905
SDSSJ104326.47+110524.2	160.860062591	11.0908025974	24.4321522496	7.64630300987	15.6686825998	3.69464962225	0.00161553220082	160.86038029	11.0900020101	15.0442736503	10.5037797598	15.6525699852	8.22851947743	0.00191208597491	160.859037617	11.0916495873	57.1659435564	39.7413861074	12.4875245723	4.19842814363	0.00285488759522
SWIFTJ212745.6+565636	321.940359247	56.9430806365	64.3470471643	4.30668077024	29.4873061236	1.95370896903	0.00155556648377	321.940032055	56.9443941622	33.0948952094	4.29379236242	40.2568566008	4.86566719382	0.0017040903839	321.938275853	56.9435081815	990.186038193	nan	1.28550311236	nan	0.00272924205124
UGC01479	30.0795386409	24.4736595503	1010.32967599	10.0212940843	20.880645619	0.162977840633	0.00468545525781	30.0795936557	24.4737022025	448.191279478	7.58746608991	29.1638964661	0.419192125165	0.00316988952817	30.0799695526	24.4738969967	169.17935002	11.513374084	43.2772065495	2.24065570433	0.00465575870933
UGC03142	70.9437920884	28.9716358639	314.96951329	4.21156688786	37.4563268403	0.61451960521	0.00182208699388	70.9434346336	28.9714474752	151.352805116	7.41759097428	26.0118565479	0.909006745668	0.00239303786687	70.9440329841	28.9717285767	196.654387745	9247.65327342	5.27840746264	31.6685078733	0.00859536445727
UGC03478	98.194596239	63.6737649483	924.739093737	7.00631068427	28.1755518514	0.195210750494	0.00368002156188	98.1945242335	63.6735663179	533.753923437	5.85483033237	33.6418371629	0.314623067139	0.00236344639811	98.1941417484	63.6731965739	259.272231944	7.82445358588	44.1203587394	1.01052433076	0.00296350557588
UGC03601	103.956321738	40.0001417098	236.262763719	5.23321239078	22.9770715979	0.407617649956	0.00154136848366	103.956121254	40.0002073459	113.517056063	6.16759040958	27.5788386281	1.19939113739	0.00186704503167	103.957497701	39.9998208683	52.9289578625	11.2268277629	30.2217682489	4.54510979954	0.00296230612253
UGC03995A	116.031489238	29.2489203363	351.390182366	4.5944429678	41.3982186636	0.8025404063	0.00222270773554	116.031894015	29.2482901602	270.065816163	4.3373041151	48.4468793503	0.926432051874	0.00198205223456	116.032451872	29.2473945154	183.664147671	6.23209450488	60.6861352939	2.12308058278	0.00307124004978
UGC05881	161.677621069	25.9313425621	750.897493281	6.40564013499	19.7711834619	0.132110351675	0.00180235073607	161.677686106	25.9315777212	337.263283922	6.41369197109	27.20409721	0.414840052653	0.00196593732466	161.67774226	25.931833764	146.231764911	9.15338868247	37.5647259235	1.74253349627	0.00309553760706
UGC06728	176.3119481	79.6815511499	28.6752367608	5.77316314738	19.033502777	2.81783023974	0.00148911975658	176.302029886	79.6791124529	20.7621215629	4.61412066122	44.3221939707	11.4465438201	0.00213990999112	176.295826807	79.6871621259	8.38434138691	3.90190244935	117.978711412	199.271403963	0.00298094948507
UGC07064	181.18066814	31.1770851334	953.384557154	18.7082403912	20.6957802142	0.319833475165	0.0164136035656	181.180632396	31.1770347683	459.126208792	6.13011868837	28.1691522029	0.307595846246	0.00202102528256	181.180678368	31.1768782932	181.937842306	8.04822542145	39.6399053725	1.32423478505	0.00274513301572
UGC08327NED02	198.821372218	44.4079957109	315.917833961	6.05072151374	18.8297140676	0.286879699226	0.00155863622267	198.819296062	44.4079552538	111.345655992	5.50584724348	32.8529371439	1.42057444219	0.0019580122023	198.811820113	44.4076969429	51.7180653223	6.98277124034	48.9064061167	7.71139133604	0.00311727491585
UGC10593	253.078360385	55.9055821573	283.333360892	5.80936843594	23.6272281564	0.389422536987	0.0019344805069	253.078066366	55.9055064836	152.502144227	5.7702353224	30.7130226718	0.962528120789	0.00204560106092	253.078369985	55.9056894015	71.601159856	8.65535048559	45.7143108488	4.36618556231	0.00406016126926
UGC11185NED02	274.047682027	42.6592847457	132.690170844	5.4833303876	30.8696215259	1.20336325459	0.00224142056343	274.044056846	42.6574976357	84.6729019681	4.48218951697	44.9092160269	3.00675543826	0.00197519571546	274.044915058	42.6566650273	40.1955024969	6.74500402938	48.6807841161	7.75071926028	0.00295709513241
UGC12237	343.5822652	11.7824474254	322.763919544	6.39764960244	25.6280887667	0.421431590154	0.00270040716145	343.582035211	11.7824990554	172.31836584	5.23189302978	38.6205200645	1.05820667415	0.0022097891691	343.581312157	11.7827254138	100.186090425	7.07263179458	49.644614723	2.79898237192	0.00286872022469
UGC12282	344.730485005	40.9319439903	685.356812062	13.0129876534	32.3280969626	0.614590447718	0.0141284632836	344.73045416	40.9321620203	405.354518415	7.94017809068	41.182142211	0.766602602608	0.00546052257308	344.730399544	40.9327180856	209.116095006	7.54947171244	52.9882312418	1.61963331941	0.00356102480861
UGC12741	355.481207453	30.5815295821	359.476504495	6.48089134171	22.3578658173	0.317217815216	0.00216870103234	355.481264774	30.5816113425	195.191345074	5.82477730379	30.3262868924	0.733583696316	0.00194629395263	355.481728206	30.5815261585	88.8345293665	8.10348346401	39.4185295705	2.78313897478	0.00297905692954
UM614	207.47000927	2.07860755717	41.9672750687	5.72902042396	20.4577237492	2.2434625214	0.00154218282476	207.470287905	2.07720946348	35.8198603052	9.52298285781	17.0331252204	3.52317679797	0.00194236559318	207.473733378	2.08168572994	-3.04760942835	22.375193542	15.6658896857	72.6155019589	0.00291130693282
VIIZw073	97.6045253841	63.6781458605	605.842249543	6.33149874126	18.1047660477	0.150727095351	0.00160403403121	97.6043791554	63.6782612104	221.159337879	6.73063381042	24.3750422746	0.590342018092	0.00186001746501	97.6051622875	63.6779714183	73.2731386719	9.66496320042	33.3544153006	3.17058011294	0.00286026469605
WKK1263	190.357030148	-57.8345497427	313.058398244	5.85847077883	18.7111742373	0.244929346531	0.00139355251575	190.357382981	-57.8345243393	128.843869127	9.47844727039	19.3202584539	0.976332513871	0.00217431229696	190.357182179	-57.8350107179	55.3870655275	71.7270338923	12.5665279848	7.58244245192	0.0036726247357
WKK4374	222.887177833	-55.676050746	206.465290944	8.65138116274	21.4407853878	0.678902731352	0.00393800498811	222.883433802	-55.6730954622	141.604200198	7.42627890859	34.9984005842	1.94983925409	0.00368580109974	222.873351822	-55.6699164759	112.0670862	12.1014329793	55.570569375	7.60748463674	0.0051331608163
WKK4438	223.823159701	-51.5709858457	412.735376042	6.0804660103	22.807370718	0.249746587228	0.00215956783258	223.822586584	-51.5700781268	178.743292958	6.31038114249	28.1082155689	0.738568566058	0.0022356728296	223.819967256	-51.5659182113	62.8296152197	9.24084122535	35.1544909595	4.04155914184	0.00325719048829
WKK6092	242.966799212	-60.6319308938	33.8808955932	6.74347864386	15.9859014043	2.50098324997	0.00145784228649	242.9374267	-60.6156121462	13.1897763894	6.27983973032	113.715873788	60.6091284988	0.00186794972712	242.959460306	-60.6339527054	35.0655029541	19.386731435	16.5400196995	6.2946583433	0.0028284424374
WKK6471	244.65290929	-59.4552074941	156.688226844	4.94276301265	22.5718512517	0.525478112495	0.0013590507514	244.652304573	-59.4552831001	86.2196214029	6.93729871421	26.0703500239	1.4869595207	0.00212839872761	244.655804982	-59.4568968701	48.1820071268	7.60392459832	37.9535514486	4.36268121548	0.00258473680044
